-4.000000000000000000e+00 -2.064135298132896423e-02
-4.000000000000000000e+00 -2.076256461441516876e-02
-4.000000000000000000e+00 -2.086426876485347748e-02
-4.000000000000000000e+00 -2.094635367393493652e-02
-4.000000000000000000e+00 -2.100874297320842743e-02
-4.000000000000000000e+00 -2.105130255222320557e-02
-4.000000000000000000e+00 -2.107402496039867401e-02
-4.000000000000000000e+00 -2.107668295502662659e-02
-4.000000000000000000e+00 -2.105941064655780792e-02
-4.000000000000000000e+00 -2.102191187441349030e-02
-4.000000000000000000e+00 -2.096434310078620911e-02
-4.000000000000000000e+00 -2.088657394051551819e-02
-4.000000000000000000e+00 -2.078869007527828217e-02
-4.000000000000000000e+00 -2.067059278488159180e-02
-4.000000000000000000e+00 -2.053205855190753937e-02
-4.000000000000000000e+00 -2.037373930215835571e-02
-4.000000000000000000e+00 -2.019515261054039001e-02
-4.000000000000000000e+00 -1.999635063111782074e-02
-4.000000000000000000e+00 -1.977778226137161255e-02
-4.000000000000000000e+00 -1.953935064375400543e-02
-4.000000000000000000e+00 -1.928105205297470093e-02
-4.000000000000000000e+00 -1.900327764451503754e-02
-4.000000000000000000e+00 -1.870611123740673065e-02
-4.000000000000000000e+00 -1.838981546461582184e-02
-4.000000000000000000e+00 -1.805435679852962494e-02
-4.000000000000000000e+00 -1.769999787211418152e-02
-4.000000000000000000e+00 -1.732717268168926239e-02
-4.000000000000000000e+00 -1.693611964583396912e-02
-4.000000000000000000e+00 -1.652739197015762329e-02
-4.000000000000000000e+00 -1.610099710524082184e-02
-4.000000000000000000e+00 -1.565735973417758942e-02
-4.000000000000000000e+00 -1.519707031548023224e-02
-4.000000000000000000e+00 -1.472046226263046265e-02
-4.000000000000000000e+00 -1.422785688191652298e-02
-4.000000000000000000e+00 -1.371994800865650177e-02
-4.000000000000000000e+00 -1.319694239646196365e-02
-4.000000000000000000e+00 -1.265958324074745178e-02
-4.000000000000000000e+00 -1.210853271186351776e-02
-4.000000000000000000e+00 -1.154439523816108704e-02
-4.000000000000000000e+00 -1.096755824983119965e-02
-4.000000000000000000e+00 -1.037860568612813950e-02
-4.000000000000000000e+00 -9.778351522982120514e-03
-4.000000000000000000e+00 -9.167514741420745850e-03
-4.000000000000000000e+00 -8.546862751245498657e-03
-4.000000000000000000e+00 -7.916612550616264343e-03
-4.000000000000000000e+00 -7.277932483702898026e-03
-4.000000000000000000e+00 -6.631559692323207855e-03
-4.000000000000000000e+00 -5.977983586490154266e-03
-4.000000000000000000e+00 -5.318308249115943909e-03
-4.000000000000000000e+00 -4.652879666537046432e-03
-4.000000000000000000e+00 -3.982832655310630798e-03
-4.000000000000000000e+00 -3.309000283479690552e-03
-4.000000000000000000e+00 -2.631792100146412849e-03
-4.000000000000000000e+00 -1.952276215888559818e-03
-4.000000000000000000e+00 -1.271161483600735664e-03
-4.000000000000000000e+00 -5.892221815884113312e-04
-4.000000000000000000e+00 9.261789091397076845e-05
-4.000000000000000000e+00 7.738036219961941242e-04
-4.000000000000000000e+00 1.453269156627357006e-03
-4.000000000000000000e+00 2.130614826455712318e-03
-4.000000000000000000e+00 2.804726362228393555e-03
-4.000000000000000000e+00 3.475183621048927307e-03
-4.000000000000000000e+00 4.141285549849271774e-03
-4.000000000000000000e+00 4.801739938557147980e-03
-4.000000000000000000e+00 5.456651560962200165e-03
-4.000000000000000000e+00 6.104400847107172012e-03
-4.000000000000000000e+00 6.745664868503808975e-03
-4.000000000000000000e+00 7.377958390861749649e-03
-4.000000000000000000e+00 8.002446033060550690e-03
-4.000000000000000000e+00 8.617176674306392670e-03
-4.000000000000000000e+00 9.222526103258132935e-03
-4.000000000000000000e+00 9.817408397793769836e-03
-4.000000000000000000e+00 1.040145941078662872e-02
-4.000000000000000000e+00 1.097385957837104797e-02
-4.000000000000000000e+00 1.153470482677221298e-02
-4.000000000000000000e+00 1.208298932760953903e-02
-4.000000000000000000e+00 1.261816546320915222e-02
-4.000000000000000000e+00 1.314034219831228256e-02
-4.000000000000000000e+00 1.364847738295793533e-02
-4.000000000000000000e+00 1.414277683943510056e-02
-4.000000000000000000e+00 1.462231576442718506e-02
-4.000000000000000000e+00 1.508760731667280197e-02
-4.000000000000000000e+00 1.553640980273485184e-02
-4.000000000000000000e+00 1.597077958285808563e-02
-4.000000000000000000e+00 1.638819277286529541e-02
-4.000000000000000000e+00 1.679041422903537750e-02
-4.000000000000000000e+00 1.717503555119037628e-02
-4.000000000000000000e+00 1.754403673112392426e-02
-4.000000000000000000e+00 1.789476536214351654e-02
-4.000000000000000000e+00 1.822890155017375946e-02
-4.000000000000000000e+00 1.854550279676914215e-02
-4.000000000000000000e+00 1.884440146386623383e-02
-4.000000000000000000e+00 1.912528090178966522e-02
-4.000000000000000000e+00 1.938803866505622864e-02
-4.000000000000000000e+00 1.963242888450622559e-02
-4.000000000000000000e+00 1.985832117497920990e-02
-4.000000000000000000e+00 2.006555534899234772e-02
-4.000000000000000000e+00 2.025390975177288055e-02
-4.000000000000000000e+00 2.042323909699916840e-02
-4.000000000000000000e+00 2.057341113686561584e-02
-4.000000000000000000e+00 2.070444077253341675e-02
-4.000000000000000000e+00 2.081526443362236023e-02
-4.000000000000000000e+00 2.090781740844249725e-02
-4.000000000000000000e+00 2.097944542765617371e-02
-4.000000000000000000e+00 2.103256434202194214e-02
-4.000000000000000000e+00 2.106457762420177460e-02
-4.000000000000000000e+00 2.107791416347026825e-02
-4.000000000000000000e+00 2.107002586126327515e-02
-4.000000000000000000e+00 2.104321680963039398e-02
-4.000000000000000000e+00 2.099515683948993683e-02
-4.000000000000000000e+00 2.092805318534374237e-02
-4.000000000000000000e+00 2.083961106836795807e-02
-4.000000000000000000e+00 2.073214016854763031e-02
-4.000000000000000000e+00 2.060336060822010040e-02
-4.000000000000000000e+00 2.045544050633907318e-02
-4.000000000000000000e+00 2.028632350265979767e-02
-4.000000000000000000e+00 2.009825967252254486e-02
-4.000000000000000000e+00 1.988915912806987762e-02
-4.000000000000000000e+00 1.966116577386856079e-02
-4.000000000000000000e+00 1.941222511231899261e-02
-4.000000000000000000e+00 1.914421282708644867e-02
-4.000000000000000000e+00 1.885709725320339203e-02
-4.000000000000000000e+00 1.854979060590267181e-02
-4.000000000000000000e+00 1.822385378181934357e-02
-4.000000000000000000e+00 1.787911355495452881e-02
-4.000000000000000000e+00 1.751536503434181213e-02
-4.000000000000000000e+00 1.713359355926513672e-02
-4.000000000000000000e+00 1.673361286520957947e-02
-4.000000000000000000e+00 1.631675660610198975e-02
-4.000000000000000000e+00 1.588097959756851196e-02
-4.000000000000000000e+00 1.542911678552627563e-02
-4.000000000000000000e+00 1.496042497456073761e-02
-4.000000000000000000e+00 1.447638217359781265e-02
-4.000000000000000000e+00 1.397547312080860138e-02
-4.000000000000000000e+00 1.346014253795146942e-02
-4.000000000000000000e+00 1.292999275028705597e-02
-4.000000000000000000e+00 1.238613016903400421e-02
-4.000000000000000000e+00 1.182800810784101486e-02
-4.000000000000000000e+00 1.125737465918064117e-02
-4.000000000000000000e+00 1.067439652979373932e-02
-4.000000000000000000e+00 1.008010189980268478e-02
-4.000000000000000000e+00 9.474136866629123688e-03
-4.000000000000000000e+00 8.858298882842063904e-03
-4.000000000000000000e+00 8.232744410634040833e-03
-4.000000000000000000e+00 7.598484400659799576e-03
-4.000000000000000000e+00 6.955610588192939758e-03
-4.000000000000000000e+00 6.305680610239505768e-03
-4.000000000000000000e+00 5.648931022733449936e-03
-4.000000000000000000e+00 4.986247979104518890e-03
-4.000000000000000000e+00 4.318541381508111954e-03
-4.000000000000000000e+00 3.646405413746833801e-03
-4.000000000000000000e+00 2.970837289467453957e-03
-4.000000000000000000e+00 2.292345277965068817e-03
-4.000000000000000000e+00 1.611836021766066551e-03
-4.000000000000000000e+00 9.304297273047268391e-04
-4.000000000000000000e+00 2.485823351889848709e-04
-4.000000000000000000e+00 -4.331145319156348705e-04
-4.000000000000000000e+00 -1.114109181798994541e-03
-4.000000000000000000e+00 -1.791976857930421829e-03
-4.000000000000000000e+00 -2.467937534675002098e-03
-4.000000000000000000e+00 -3.140236251056194305e-03
-4.000000000000000000e+00 -3.809069050475955009e-03
-4.000000000000000000e+00 -4.471855703741312027e-03
-4.000000000000000000e+00 -5.129682831466197968e-03
-4.000000000000000000e+00 -5.781121086329221725e-03
-4.000000000000000000e+00 -6.426296662539243698e-03
-4.000000000000000000e+00 -7.062384858727455139e-03
-4.000000000000000000e+00 -7.690876256674528122e-03
-4.000000000000000000e+00 -8.310562931001186371e-03
-4.000000000000000000e+00 -8.920672349631786346e-03
-4.000000000000000000e+00 -9.521868079900741577e-03
-4.000000000000000000e+00 -1.011034566909074783e-02
-4.000000000000000000e+00 -1.068874262273311615e-02
-4.000000000000000000e+00 -1.125553064048290253e-02
-4.000000000000000000e+00 -1.181088574230670929e-02
-4.000000000000000000e+00 -1.235184725373983383e-02
-4.000000000000000000e+00 -1.288058701902627945e-02
-4.000000000000000000e+00 -1.339576393365859985e-02
-4.000000000000000000e+00 -1.389800105243921280e-02
-4.000000000000000000e+00 -1.438391581177711487e-02
-4.000000000000000000e+00 -1.485614478588104248e-02
-4.000000000000000000e+00 -1.531317550688982010e-02
-4.000000000000000000e+00 -1.575595140457153320e-02
-4.000000000000000000e+00 -1.618071272969245911e-02
-4.000000000000000000e+00 -1.659060269594192505e-02
-4.000000000000000000e+00 -1.698400638997554779e-02
-4.000000000000000000e+00 -1.736088469624519348e-02
-4.000000000000000000e+00 -1.772079616785049438e-02
-4.000000000000000000e+00 -1.806358620524406433e-02
-4.000000000000000000e+00 -1.838889718055725098e-02
-4.000000000000000000e+00 -1.869667880237102509e-02
-4.000000000000000000e+00 -1.898784190416336060e-02
-4.000000000000000000e+00 -1.925845816731452942e-02
-4.000000000000000000e+00 -1.951202563941478729e-02
-4.000000000000000000e+00 -1.974724791944026947e-02
-4.000000000000000000e+00 -1.996507681906223297e-02
-4.000000000000000000e+00 -2.016159333288669586e-02
-4.000000000000000000e+00 -2.034045569598674774e-02
-4.000000000000000000e+00 -2.050023712217807770e-02
-4.000000000000000000e+00 -2.064206451177597046e-02
