-4.000000000000000000e+00 -2.222418040037155151e-02
-4.000000000000000000e+00 -2.238280326128005981e-02
-4.000000000000000000e+00 -2.252054028213024139e-02
-4.000000000000000000e+00 -2.263724617660045624e-02
-4.000000000000000000e+00 -2.273281104862689972e-02
-4.000000000000000000e+00 -2.280704863369464874e-02
-4.000000000000000000e+00 -2.285993285477161407e-02
-4.000000000000000000e+00 -2.289115451276302338e-02
-4.000000000000000000e+00 -2.290086075663566589e-02
-4.000000000000000000e+00 -2.288864366710186005e-02
-4.000000000000000000e+00 -2.285467460751533508e-02
-4.000000000000000000e+00 -2.279875800013542175e-02
-4.000000000000000000e+00 -2.272096462547779083e-02
-4.000000000000000000e+00 -2.262112312018871307e-02
-4.000000000000000000e+00 -2.249890007078647614e-02
-4.000000000000000000e+00 -2.235510572791099548e-02
-4.000000000000000000e+00 -2.218905277550220490e-02
-4.000000000000000000e+00 -2.200075238943099976e-02
-4.000000000000000000e+00 -2.179072611033916473e-02
-4.000000000000000000e+00 -2.155880443751811981e-02
-4.000000000000000000e+00 -2.130489796400070190e-02
-4.000000000000000000e+00 -2.102944627404212952e-02
-4.000000000000000000e+00 -2.073248289525508881e-02
-4.000000000000000000e+00 -2.041428536176681519e-02
-4.000000000000000000e+00 -2.007471211254596710e-02
-4.000000000000000000e+00 -1.971402391791343689e-02
-4.000000000000000000e+00 -1.933269388973712921e-02
-4.000000000000000000e+00 -1.893093436956405640e-02
-4.000000000000000000e+00 -1.850936748087406158e-02
-4.000000000000000000e+00 -1.806790009140968323e-02
-4.000000000000000000e+00 -1.760697737336158752e-02
-4.000000000000000000e+00 -1.712725684046745300e-02
-4.000000000000000000e+00 -1.662905700504779816e-02
-4.000000000000000000e+00 -1.611267961561679840e-02
-4.000000000000000000e+00 -1.557890139520168304e-02
-4.000000000000000000e+00 -1.502786763012409210e-02
-4.000000000000000000e+00 -1.446041557937860489e-02
-4.000000000000000000e+00 -1.387727353721857071e-02
-4.000000000000000000e+00 -1.327909063547849655e-02
-4.000000000000000000e+00 -1.266623288393020630e-02
-4.000000000000000000e+00 -1.203931961208581924e-02
-4.000000000000000000e+00 -1.139926537871360779e-02
-4.000000000000000000e+00 -1.074685435742139816e-02
-4.000000000000000000e+00 -1.008293777704238892e-02
-4.000000000000000000e+00 -9.407649748027324677e-03
-4.000000000000000000e+00 -8.722353726625442505e-03
-4.000000000000000000e+00 -8.027853444218635559e-03
-4.000000000000000000e+00 -7.324630860239267349e-03
-4.000000000000000000e+00 -6.613962817937135696e-03
-4.000000000000000000e+00 -5.896143149584531784e-03
-4.000000000000000000e+00 -5.172491539269685745e-03
-4.000000000000000000e+00 -4.443927202373743057e-03
-4.000000000000000000e+00 -3.710827091708779335e-03
-4.000000000000000000e+00 -2.974422182887792587e-03
-4.000000000000000000e+00 -2.235474996268749237e-03
-4.000000000000000000e+00 -1.494835247285664082e-03
-4.000000000000000000e+00 -7.535468321293592453e-04
-4.000000000000000000e+00 -1.217904173245187849e-05
-4.000000000000000000e+00 7.280401769094169140e-04
-4.000000000000000000e+00 1.466736779548227787e-03
-4.000000000000000000e+00 2.202617237344384193e-03
-4.000000000000000000e+00 2.935280092060565948e-03
-4.000000000000000000e+00 3.663956886157393456e-03
-4.000000000000000000e+00 4.387118387967348099e-03
-4.000000000000000000e+00 5.105028860270977020e-03
-4.000000000000000000e+00 5.815732758492231369e-03
-4.000000000000000000e+00 6.520227994769811630e-03
-4.000000000000000000e+00 7.215433288365602493e-03
-4.000000000000000000e+00 7.902971468865871429e-03
-4.000000000000000000e+00 8.580439724028110504e-03
-4.000000000000000000e+00 9.248444810509681702e-03
-4.000000000000000000e+00 9.905687533318996429e-03
-4.000000000000000000e+00 1.055180747061967850e-02
-4.000000000000000000e+00 1.118585001677274704e-02
-4.000000000000000000e+00 1.180803868919610977e-02
-4.000000000000000000e+00 1.241717021912336349e-02
-4.000000000000000000e+00 1.301262900233268738e-02
-4.000000000000000000e+00 1.359464414417743683e-02
-4.000000000000000000e+00 1.416195370256900787e-02
-4.000000000000000000e+00 1.471490226686000824e-02
-4.000000000000000000e+00 1.525237504392862320e-02
-4.000000000000000000e+00 1.577510125935077667e-02
-4.000000000000000000e+00 1.628025993704795837e-02
-4.000000000000000000e+00 1.677056401968002319e-02
-4.000000000000000000e+00 1.724282465875148773e-02
-4.000000000000000000e+00 1.769936643540859222e-02
-4.000000000000000000e+00 1.813714392483234406e-02
-4.000000000000000000e+00 1.855874992907047272e-02
-4.000000000000000000e+00 1.896080560982227325e-02
-4.000000000000000000e+00 1.934553124010562897e-02
-4.000000000000000000e+00 1.971174590289592743e-02
-4.000000000000000000e+00 2.005925402045249939e-02
-4.000000000000000000e+00 2.038769051432609558e-02
-4.000000000000000000e+00 2.069694548845291138e-02
-4.000000000000000000e+00 2.098672464489936829e-02
-4.000000000000000000e+00 2.125688083469867706e-02
-4.000000000000000000e+00 2.150722220540046692e-02
-4.000000000000000000e+00 2.173747494816780090e-02
-4.000000000000000000e+00 2.194746024906635284e-02
-4.000000000000000000e+00 2.213701605796813965e-02
-4.000000000000000000e+00 2.230613306164741516e-02
-4.000000000000000000e+00 2.245349623262882233e-02
-4.000000000000000000e+00 2.258156798779964447e-02
-4.000000000000000000e+00 2.268691919744014740e-02
-4.000000000000000000e+00 2.277265489101409912e-02
-4.000000000000000000e+00 2.283540740609169006e-02
-4.000000000000000000e+00 2.287829667329788208e-02
-4.000000000000000000e+00 2.289801277220249176e-02
-4.000000000000000000e+00 2.289750427007675171e-02
-4.000000000000000000e+00 2.287373878061771393e-02
-4.000000000000000000e+00 2.282952889800071716e-02
-4.000000000000000000e+00 2.276188507676124573e-02
-4.000000000000000000e+00 2.267374098300933838e-02
-4.000000000000000000e+00 2.256211824715137482e-02
-4.000000000000000000e+00 2.242977172136306763e-02
-4.000000000000000000e+00 2.227399125695228577e-02
-4.000000000000000000e+00 2.209763601422309875e-02
-4.000000000000000000e+00 2.189794927835464478e-02
-4.000000000000000000e+00 2.167763561010360718e-02
-4.000000000000000000e+00 2.143398486077785492e-02
-4.000000000000000000e+00 2.116934768855571747e-02
-4.000000000000000000e+00 2.088361047208309174e-02
-4.000000000000000000e+00 2.057529985904693604e-02
-4.000000000000000000e+00 2.024634182453155518e-02
-4.000000000000000000e+00 1.989644207060337067e-02
-4.000000000000000000e+00 1.952524110674858093e-02
-4.000000000000000000e+00 1.913392543792724609e-02
-4.000000000000000000e+00 1.872215792536735535e-02
-4.000000000000000000e+00 1.829156465828418732e-02
-4.000000000000000000e+00 1.783940196037292480e-02
-4.000000000000000000e+00 1.736922562122344971e-02
-4.000000000000000000e+00 1.687996461987495422e-02
-4.000000000000000000e+00 1.637342013418674469e-02
-4.000000000000000000e+00 1.584751531481742859e-02
-4.000000000000000000e+00 1.530528906732797623e-02
-4.000000000000000000e+00 1.474610716104507446e-02
-4.000000000000000000e+00 1.417126692831516266e-02
-4.000000000000000000e+00 1.357994042336940765e-02
-4.000000000000000000e+00 1.297424826771020889e-02
-4.000000000000000000e+00 1.235427241772413254e-02
-4.000000000000000000e+00 1.172120589762926102e-02
-4.000000000000000000e+00 1.107445079833269119e-02
-4.000000000000000000e+00 1.041618455201387405e-02
-4.000000000000000000e+00 9.746467694640159607e-03
-4.000000000000000000e+00 9.066459722816944122e-03
-4.000000000000000000e+00 8.376131765544414520e-03
-4.000000000000000000e+00 7.677347399294376373e-03
-4.000000000000000000e+00 6.970259360969066620e-03
-4.000000000000000000e+00 6.255868822336196899e-03
-4.000000000000000000e+00 5.535193253308534622e-03
-4.000000000000000000e+00 4.808850586414337158e-03
-4.000000000000000000e+00 4.077976103872060776e-03
-4.000000000000000000e+00 3.343076212331652641e-03
-4.000000000000000000e+00 2.605171175673604012e-03
-4.000000000000000000e+00 1.865552738308906555e-03
-4.000000000000000000e+00 1.124660484492778778e-03
-4.000000000000000000e+00 3.831140056718140841e-04
-4.000000000000000000e+00 -3.585213853511959314e-04
-4.000000000000000000e+00 -1.097266678698360920e-03
-4.000000000000000000e+00 -1.834836672060191631e-03
-4.000000000000000000e+00 -2.569110598415136337e-03
-4.000000000000000000e+00 -3.300474258139729500e-03
-4.000000000000000000e+00 -4.025741480290889740e-03
-4.000000000000000000e+00 -4.746448248624801636e-03
-4.000000000000000000e+00 -5.460878368467092514e-03
-4.000000000000000000e+00 -6.169321946799755096e-03
-4.000000000000000000e+00 -6.868265569210052490e-03
-4.000000000000000000e+00 -7.559751626104116440e-03
-4.000000000000000000e+00 -8.242341689765453339e-03
-4.000000000000000000e+00 -8.915152400732040405e-03
-4.000000000000000000e+00 -9.579151868820190430e-03
-4.000000000000000000e+00 -1.022954564541578293e-02
-4.000000000000000000e+00 -1.086983550339937210e-02
-4.000000000000000000e+00 -1.149815134704113007e-02
-4.000000000000000000e+00 -1.211481634527444839e-02
-4.000000000000000000e+00 -1.271610893309116364e-02
-4.000000000000000000e+00 -1.330491714179515839e-02
-4.000000000000000000e+00 -1.387959625571966171e-02
-4.000000000000000000e+00 -1.444103009998798370e-02
-4.000000000000000000e+00 -1.498493459075689316e-02
-4.000000000000000000e+00 -1.551477890461683273e-02
-4.000000000000000000e+00 -1.602869294583797455e-02
-4.000000000000000000e+00 -1.652794890105724335e-02
-4.000000000000000000e+00 -1.700776629149913788e-02
-4.000000000000000000e+00 -1.747225224971771240e-02
-4.000000000000000000e+00 -1.791938021779060364e-02
-4.000000000000000000e+00 -1.834914833307266235e-02
-4.000000000000000000e+00 -1.876103691756725311e-02
-4.000000000000000000e+00 -1.915488392114639282e-02
-4.000000000000000000e+00 -1.953027397394180298e-02
-4.000000000000000000e+00 -1.988717168569564819e-02
-4.000000000000000000e+00 -2.022678591310977936e-02
-4.000000000000000000e+00 -2.054407820105552673e-02
-4.000000000000000000e+00 -2.084358409047126770e-02
-4.000000000000000000e+00 -2.112365514039993286e-02
-4.000000000000000000e+00 -2.138553373515605927e-02
-4.000000000000000000e+00 -2.162417955696582794e-02
-4.000000000000000000e+00 -2.184432558715343475e-02
-4.000000000000000000e+00 -2.204413339495658875e-02
-4.000000000000000000e+00 -2.222506515681743622e-02
