-4.000000000000000000e+00 -1.398297678679227829e-02
-4.000000000000000000e+00 -1.406077016144990921e-02
-4.000000000000000000e+00 -1.412539836019277573e-02
-4.000000000000000000e+00 -1.417678873986005783e-02
-4.000000000000000000e+00 -1.421489380300045013e-02
-4.000000000000000000e+00 -1.423962693661451340e-02
-4.000000000000000000e+00 -1.425098255276679993e-02
-4.000000000000000000e+00 -1.424881536513566971e-02
-4.000000000000000000e+00 -1.423321198672056198e-02
-4.000000000000000000e+00 -1.420398056507110596e-02
-4.000000000000000000e+00 -1.416122727096080780e-02
-4.000000000000000000e+00 -1.410485990345478058e-02
-4.000000000000000000e+00 -1.403493061661720276e-02
-4.000000000000000000e+00 -1.395138818770647049e-02
-4.000000000000000000e+00 -1.385408919304609299e-02
-4.000000000000000000e+00 -1.374342944473028183e-02
-4.000000000000000000e+00 -1.361913140863180161e-02
-4.000000000000000000e+00 -1.348121557384729385e-02
-4.000000000000000000e+00 -1.332998089492321014e-02
-4.000000000000000000e+00 -1.316534914076328278e-02
-4.000000000000000000e+00 -1.298733707517385483e-02
-4.000000000000000000e+00 -1.279619615525007248e-02
-4.000000000000000000e+00 -1.259199529886245728e-02
-4.000000000000000000e+00 -1.237487699836492538e-02
-4.000000000000000000e+00 -1.214485615491867065e-02
-4.000000000000000000e+00 -1.190209947526454926e-02
-4.000000000000000000e+00 -1.164689380675554276e-02
-4.000000000000000000e+00 -1.137940119951963425e-02
-4.000000000000000000e+00 -1.109998952597379684e-02
-4.000000000000000000e+00 -1.080867275595664978e-02
-4.000000000000000000e+00 -1.050573866814374924e-02
-4.000000000000000000e+00 -1.019157934933900833e-02
-4.000000000000000000e+00 -9.866424836218357086e-03
-4.000000000000000000e+00 -9.530498646199703217e-03
-4.000000000000000000e+00 -9.184264577925205231e-03
-4.000000000000000000e+00 -8.827873505651950836e-03
-4.000000000000000000e+00 -8.461823686957359314e-03
-4.000000000000000000e+00 -8.086563087999820709e-03
-4.000000000000000000e+00 -7.702502422034740448e-03
-4.000000000000000000e+00 -7.309914100915193558e-03
-4.000000000000000000e+00 -6.909200921654701233e-03
-4.000000000000000000e+00 -6.500908639281988144e-03
-4.000000000000000000e+00 -6.085528060793876648e-03
-4.000000000000000000e+00 -5.663581658154726028e-03
-4.000000000000000000e+00 -5.235235672444105148e-03
-4.000000000000000000e+00 -4.801271017640829086e-03
-4.000000000000000000e+00 -4.362193867564201355e-03
-4.000000000000000000e+00 -3.918349277228116989e-03
-4.000000000000000000e+00 -3.470478113740682602e-03
-4.000000000000000000e+00 -3.018834860995411873e-03
-4.000000000000000000e+00 -2.564179012551903725e-03
-4.000000000000000000e+00 -2.107081701979041100e-03
-4.000000000000000000e+00 -1.647836295887827873e-03
-4.000000000000000000e+00 -1.187162706628441811e-03
-4.000000000000000000e+00 -7.255485979840159416e-04
-4.000000000000000000e+00 -2.635233686305582523e-04
-4.000000000000000000e+00 1.982879766728729010e-04
-4.000000000000000000e+00 6.594969308935105801e-04
-4.000000000000000000e+00 1.119387568905949593e-03
-4.000000000000000000e+00 1.577674178406596184e-03
-4.000000000000000000e+00 2.033610828220844269e-03
-4.000000000000000000e+00 2.486898330971598625e-03
-4.000000000000000000e+00 2.937063341960310936e-03
-4.000000000000000000e+00 3.383241826668381691e-03
-4.000000000000000000e+00 3.825482446700334549e-03
-4.000000000000000000e+00 4.262716975063085556e-03
-4.000000000000000000e+00 4.695359617471694946e-03
-4.000000000000000000e+00 5.121788475662469864e-03
-4.000000000000000000e+00 5.542735103517770767e-03
-4.000000000000000000e+00 5.956921726465225220e-03
-4.000000000000000000e+00 6.364579312503337860e-03
-4.000000000000000000e+00 6.764987017959356308e-03
-4.000000000000000000e+00 7.157897576689720154e-03
-4.000000000000000000e+00 7.542773615568876266e-03
-4.000000000000000000e+00 7.919654250144958496e-03
-4.000000000000000000e+00 8.287890814244747162e-03
-4.000000000000000000e+00 8.647117763757705688e-03
-4.000000000000000000e+00 8.997396565973758698e-03
-4.000000000000000000e+00 9.338048286736011505e-03
-4.000000000000000000e+00 9.669197723269462585e-03
-4.000000000000000000e+00 9.990246966481208801e-03
-4.000000000000000000e+00 1.030151918530464172e-02
-4.000000000000000000e+00 1.060157082974910736e-02
-4.000000000000000000e+00 1.089171133935451508e-02
-4.000000000000000000e+00 1.117033045738935471e-02
-4.000000000000000000e+00 1.143854483962059021e-02
-4.000000000000000000e+00 1.169481500983238220e-02
-4.000000000000000000e+00 1.194041222333908081e-02
-4.000000000000000000e+00 1.217362750321626663e-02
-4.000000000000000000e+00 1.239554304629564285e-02
-4.000000000000000000e+00 1.260555256158113480e-02
-4.000000000000000000e+00 1.280354894697666168e-02
-4.000000000000000000e+00 1.298932731151580811e-02
-4.000000000000000000e+00 1.316282525658607483e-02
-4.000000000000000000e+00 1.332388445734977722e-02
-4.000000000000000000e+00 1.347242202609777451e-02
-4.000000000000000000e+00 1.360833644866943359e-02
-4.000000000000000000e+00 1.373148616403341293e-02
-4.000000000000000000e+00 1.384177710860967636e-02
-4.000000000000000000e+00 1.393912546336650848e-02
-4.000000000000000000e+00 1.402357127517461777e-02
-4.000000000000000000e+00 1.409437321126461029e-02
-4.000000000000000000e+00 1.415280625224113464e-02
-4.000000000000000000e+00 1.419716235250234604e-02
-4.000000000000000000e+00 1.422899682074785233e-02
-4.000000000000000000e+00 1.424663607031106949e-02
-4.000000000000000000e+00 1.425164658576250076e-02
-4.000000000000000000e+00 1.424238737672567368e-02
-4.000000000000000000e+00 1.422034110873937607e-02
-4.000000000000000000e+00 1.418400742113590240e-02
-4.000000000000000000e+00 1.413480751216411591e-02
-4.000000000000000000e+00 1.407126430422067642e-02
-4.000000000000000000e+00 1.399486511945724487e-02
-4.000000000000000000e+00 1.390414126217365265e-02
-4.000000000000000000e+00 1.380049157887697220e-02
-4.000000000000000000e+00 1.368258986622095108e-02
-4.000000000000000000e+00 1.355188805609941483e-02
-4.000000000000000000e+00 1.340704225003719330e-02
-4.000000000000000000e+00 1.324943359941244125e-02
-4.000000000000000000e+00 1.307774335145950317e-02
-4.000000000000000000e+00 1.289318222552537918e-02
-4.000000000000000000e+00 1.269573345780372620e-02
-4.000000000000000000e+00 1.248470228165388107e-02
-4.000000000000000000e+00 1.226109638810157776e-02
-4.000000000000000000e+00 1.202481612563133240e-02
-4.000000000000000000e+00 1.177573110908269882e-02
-4.000000000000000000e+00 1.151449326425790787e-02
-4.000000000000000000e+00 1.124098058789968491e-02
-4.000000000000000000e+00 1.095606759190559387e-02
-4.000000000000000000e+00 1.065844949334859848e-02
-4.000000000000000000e+00 1.034996565431356430e-02
-4.000000000000000000e+00 1.003014948219060898e-02
-4.000000000000000000e+00 9.699970483779907227e-03
-4.000000000000000000e+00 9.358466602861881256e-03
-4.000000000000000000e+00 9.007231332361698151e-03
-4.000000000000000000e+00 8.646029047667980194e-03
-4.000000000000000000e+00 8.275590837001800537e-03
-4.000000000000000000e+00 7.895586080849170685e-03
-4.000000000000000000e+00 7.507163565605878830e-03
-4.000000000000000000e+00 7.110455073416233063e-03
-4.000000000000000000e+00 6.706146057695150375e-03
-4.000000000000000000e+00 6.294034887105226517e-03
-4.000000000000000000e+00 5.875306669622659683e-03
-4.000000000000000000e+00 5.450089462101459503e-03
-4.000000000000000000e+00 5.019062664359807968e-03
-4.000000000000000000e+00 4.582313820719718933e-03
-4.000000000000000000e+00 4.140877164900302887e-03
-4.000000000000000000e+00 3.694934537634253502e-03
-4.000000000000000000e+00 3.245086874812841415e-03
-4.000000000000000000e+00 2.791952807456254959e-03
-4.000000000000000000e+00 2.335945377126336098e-03
-4.000000000000000000e+00 1.877738279290497303e-03
-4.000000000000000000e+00 1.417690189555287361e-03
-4.000000000000000000e+00 9.564160136505961418e-04
-4.000000000000000000e+00 4.946694825775921345e-04
-4.000000000000000000e+00 3.277442738180980086e-05
-4.000000000000000000e+00 -4.288585914764553308e-04
-4.000000000000000000e+00 -8.898446685634553432e-04
-4.000000000000000000e+00 -1.348590594716370106e-03
-4.000000000000000000e+00 -1.805856125429272652e-03
-4.000000000000000000e+00 -2.260481938719749451e-03
-4.000000000000000000e+00 -2.712569432333111763e-03
-4.000000000000000000e+00 -3.160428255796432495e-03
-4.000000000000000000e+00 -3.604735014960169792e-03
-4.000000000000000000e+00 -4.044543951749801636e-03
-4.000000000000000000e+00 -4.479917231947183609e-03
-4.000000000000000000e+00 -4.909011069685220718e-03
-4.000000000000000000e+00 -5.332767032086849213e-03
-4.000000000000000000e+00 -5.750387441366910934e-03
-4.000000000000000000e+00 -6.161356810480356216e-03
-4.000000000000000000e+00 -6.566087715327739716e-03
-4.000000000000000000e+00 -6.962111685425043106e-03
-4.000000000000000000e+00 -7.351116277277469635e-03
-4.000000000000000000e+00 -7.732103113085031509e-03
-4.000000000000000000e+00 -8.105174638330936432e-03
-4.000000000000000000e+00 -8.468412794172763824e-03
-4.000000000000000000e+00 -8.823207579553127289e-03
-4.000000000000000000e+00 -9.168687276542186737e-03
-4.000000000000000000e+00 -9.505247697234153748e-03
-4.000000000000000000e+00 -9.830700233578681946e-03
-4.000000000000000000e+00 -1.014673896133899689e-02
-4.000000000000000000e+00 -1.045238878577947617e-02
-4.000000000000000000e+00 -1.074825320392847061e-02
-4.000000000000000000e+00 -1.103190518915653229e-02
-4.000000000000000000e+00 -1.130536943674087524e-02
-4.000000000000000000e+00 -1.156760193407535553e-02
-4.000000000000000000e+00 -1.181857939809560776e-02
-4.000000000000000000e+00 -1.205801684409379959e-02
-4.000000000000000000e+00 -1.228581275790929794e-02
-4.000000000000000000e+00 -1.250173896551132202e-02
-4.000000000000000000e+00 -1.270576193928718567e-02
-4.000000000000000000e+00 -1.289846934378147125e-02
-4.000000000000000000e+00 -1.307733450084924698e-02
-4.000000000000000000e+00 -1.324460841715335846e-02
-4.000000000000000000e+00 -1.339945942163467407e-02
-4.000000000000000000e+00 -1.354250125586986542e-02
-4.000000000000000000e+00 -1.367120817303657532e-02
-4.000000000000000000e+00 -1.378794200718402863e-02
-4.000000000000000000e+00 -1.389178261160850525e-02
-4.000000000000000000e+00 -1.398345548659563065e-02
