-4.000000000000000000e+00 -1.408737432211637497e-02
-4.000000000000000000e+00 -1.433044578880071640e-02
-4.000000000000000000e+00 -1.456114649772644043e-02
-4.000000000000000000e+00 -1.477923057973384857e-02
-4.000000000000000000e+00 -1.498449314385652542e-02
-4.000000000000000000e+00 -1.517660170793533325e-02
-4.000000000000000000e+00 -1.535544265061616898e-02
-4.000000000000000000e+00 -1.552046183496713638e-02
-4.000000000000000000e+00 -1.567177288234233856e-02
-4.000000000000000000e+00 -1.580864377319812775e-02
-4.000000000000000000e+00 -1.593118719756603241e-02
-4.000000000000000000e+00 -1.603895425796508789e-02
-4.000000000000000000e+00 -1.613187417387962341e-02
-4.000000000000000000e+00 -1.620950363576412201e-02
-4.000000000000000000e+00 -1.627113670110702515e-02
-4.000000000000000000e+00 -1.631775498390197754e-02
-4.000000000000000000e+00 -1.634809561073780060e-02
-4.000000000000000000e+00 -1.636191830039024353e-02
-4.000000000000000000e+00 -1.635972224175930023e-02
-4.000000000000000000e+00 -1.634097471833229065e-02
-4.000000000000000000e+00 -1.630523055791854858e-02
-4.000000000000000000e+00 -1.625282317399978638e-02
-4.000000000000000000e+00 -1.618346199393272400e-02
-4.000000000000000000e+00 -1.609721779823303223e-02
-4.000000000000000000e+00 -1.599350385367870331e-02
-4.000000000000000000e+00 -1.587233133614063263e-02
-4.000000000000000000e+00 -1.573399826884269714e-02
-4.000000000000000000e+00 -1.557841710746288300e-02
-4.000000000000000000e+00 -1.540607213973999023e-02
-4.000000000000000000e+00 -1.521639432758092880e-02
-4.000000000000000000e+00 -1.500959321856498718e-02
-4.000000000000000000e+00 -1.478616613894701004e-02
-4.000000000000000000e+00 -1.454611495137214661e-02
-4.000000000000000000e+00 -1.428939122706651688e-02
-4.000000000000000000e+00 -1.401664409786462784e-02
-4.000000000000000000e+00 -1.372757367789745331e-02
-4.000000000000000000e+00 -1.342289242893457413e-02
-4.000000000000000000e+00 -1.310314331203699112e-02
-4.000000000000000000e+00 -1.276874169707298279e-02
-4.000000000000000000e+00 -1.241967175155878067e-02
-4.000000000000000000e+00 -1.205629017204046249e-02
-4.000000000000000000e+00 -1.167937368154525757e-02
-4.000000000000000000e+00 -1.128950715065002441e-02
-4.000000000000000000e+00 -1.088736392557621002e-02
-4.000000000000000000e+00 -1.047254912555217743e-02
-4.000000000000000000e+00 -1.004648208618164062e-02
-4.000000000000000000e+00 -9.609749540686607361e-03
-4.000000000000000000e+00 -9.162460453808307648e-03
-4.000000000000000000e+00 -8.705891668796539307e-03
-4.000000000000000000e+00 -8.239867165684700012e-03
-4.000000000000000000e+00 -7.765732705593109131e-03
-4.000000000000000000e+00 -7.284226361662149429e-03
-4.000000000000000000e+00 -6.795293185859918594e-03
-4.000000000000000000e+00 -6.300145760178565979e-03
-4.000000000000000000e+00 -5.799296312034130096e-03
-4.000000000000000000e+00 -5.293394438922405243e-03
-4.000000000000000000e+00 -4.783377517014741898e-03
-4.000000000000000000e+00 -4.269489087164402008e-03
-4.000000000000000000e+00 -3.752940334379673004e-03
-4.000000000000000000e+00 -3.233704250305891037e-03
-4.000000000000000000e+00 -2.713101450353860855e-03
-4.000000000000000000e+00 -2.191144274547696114e-03
-4.000000000000000000e+00 -1.668412354774773121e-03
-4.000000000000000000e+00 -1.146582188084721565e-03
-4.000000000000000000e+00 -6.247258861549198627e-04
-4.000000000000000000e+00 -1.051831059157848358e-04
-4.000000000000000000e+00 4.140477394685149193e-04
-4.000000000000000000e+00 9.289483423344790936e-04
-4.000000000000000000e+00 1.442415174096822739e-03
-4.000000000000000000e+00 1.951406709849834442e-03
-4.000000000000000000e+00 2.457303227856755257e-03
-4.000000000000000000e+00 2.958660479635000229e-03
-4.000000000000000000e+00 3.455402562394738197e-03
-4.000000000000000000e+00 3.946577664464712143e-03
-4.000000000000000000e+00 4.432952962815761566e-03
-4.000000000000000000e+00 4.913161508738994598e-03
-4.000000000000000000e+00 5.386705975979566574e-03
-4.000000000000000000e+00 5.854313727468252182e-03
-4.000000000000000000e+00 6.314498838037252426e-03
-4.000000000000000000e+00 6.768130231648683548e-03
-4.000000000000000000e+00 7.213905919343233109e-03
-4.000000000000000000e+00 7.653229869902133942e-03
-4.000000000000000000e+00 8.082261309027671814e-03
-4.000000000000000000e+00 8.505290374159812927e-03
-4.000000000000000000e+00 8.917899802327156067e-03
-4.000000000000000000e+00 9.323780424892902374e-03
-4.000000000000000000e+00 9.718692861497402191e-03
-4.000000000000000000e+00 1.010668557137250900e-02
-4.000000000000000000e+00 1.048300787806510925e-02
-4.000000000000000000e+00 1.085111219435930252e-02
-4.000000000000000000e+00 1.120942831039428711e-02
-4.000000000000000000e+00 1.155789103358983994e-02
-4.000000000000000000e+00 1.189605332911014557e-02
-4.000000000000000000e+00 1.222389657050371170e-02
-4.000000000000000000e+00 1.254112459719181061e-02
-4.000000000000000000e+00 1.284760329872369766e-02
-4.000000000000000000e+00 1.314313337206840515e-02
-4.000000000000000000e+00 1.342737954109907150e-02
-4.000000000000000000e+00 1.370013691484928131e-02
-4.000000000000000000e+00 1.396117173135280609e-02
-4.000000000000000000e+00 1.421049144119024277e-02
-4.000000000000000000e+00 1.444616168737411499e-02
-4.000000000000000000e+00 1.467182207852602005e-02
-4.000000000000000000e+00 1.488234754651784897e-02
-4.000000000000000000e+00 1.508225966244935989e-02
-4.000000000000000000e+00 1.526656467467546463e-02
-4.000000000000000000e+00 1.543974038213491440e-02
-4.000000000000000000e+00 1.559681724756956100e-02
-4.000000000000000000e+00 1.574202626943588257e-02
-4.000000000000000000e+00 1.587076112627983093e-02
-4.000000000000000000e+00 1.598700694739818573e-02
-4.000000000000000000e+00 1.608620956540107727e-02
-4.000000000000000000e+00 1.617249846458435059e-02
-4.000000000000000000e+00 1.624128781259059906e-02
-4.000000000000000000e+00 1.629642210900783539e-02
-4.000000000000000000e+00 1.633366197347640991e-02
-4.000000000000000000e+00 1.635698974132537842e-02
-4.000000000000000000e+00 1.636207662522792816e-02
-4.000000000000000000e+00 1.635261997580528259e-02
-4.000000000000000000e+00 1.632432453334331512e-02
-4.000000000000000000e+00 1.628034934401512146e-02
-4.000000000000000000e+00 1.622020639479160309e-02
-4.000000000000000000e+00 1.614137180149555206e-02
-4.000000000000000000e+00 1.604632847011089325e-02
-4.000000000000000000e+00 1.593427546322345734e-02
-4.000000000000000000e+00 1.580429077148437500e-02
-4.000000000000000000e+00 1.565772481262683868e-02
-4.000000000000000000e+00 1.549366023391485214e-02
-4.000000000000000000e+00 1.531407237052917480e-02
-4.000000000000000000e+00 1.511446293443441391e-02
-4.000000000000000000e+00 1.489962171763181686e-02
-4.000000000000000000e+00 1.466749329119920731e-02
-4.000000000000000000e+00 1.442027091979980469e-02
-4.000000000000000000e+00 1.415438111871480942e-02
-4.000000000000000000e+00 1.387380156666040421e-02
-4.000000000000000000e+00 1.357708033174276352e-02
-4.000000000000000000e+00 1.326560322195291519e-02
-4.000000000000000000e+00 1.293761935085058212e-02
-4.000000000000000000e+00 1.259570010006427765e-02
-4.000000000000000000e+00 1.223940216004848480e-02
-4.000000000000000000e+00 1.186994928866624832e-02
-4.000000000000000000e+00 1.148586068302392960e-02
-4.000000000000000000e+00 1.108977757394313812e-02
-4.000000000000000000e+00 1.068120263516902924e-02
-4.000000000000000000e+00 1.026125438511371613e-02
-4.000000000000000000e+00 9.829295799136161804e-03
-4.000000000000000000e+00 9.387473575770854950e-03
-4.000000000000000000e+00 8.935401216149330139e-03
-4.000000000000000000e+00 8.473975583910942078e-03
-4.000000000000000000e+00 8.004060946404933929e-03
-4.000000000000000000e+00 7.525968365371227264e-03
-4.000000000000000000e+00 7.040763273835182190e-03
-4.000000000000000000e+00 6.548581644892692566e-03
-4.000000000000000000e+00 6.050329655408859253e-03
-4.000000000000000000e+00 5.547287408262491226e-03
-4.000000000000000000e+00 5.039500072598457336e-03
-4.000000000000000000e+00 4.527299664914608002e-03
-4.000000000000000000e+00 4.010926466435194016e-03
-4.000000000000000000e+00 3.494157455861568451e-03
-4.000000000000000000e+00 2.973893890157341957e-03
-4.000000000000000000e+00 2.452674787491559982e-03
-4.000000000000000000e+00 1.929385238327085972e-03
-4.000000000000000000e+00 1.408132025972008705e-03
-4.000000000000000000e+00 8.861001115292310715e-04
-4.000000000000000000e+00 3.652864543255418539e-04
-4.000000000000000000e+00 -1.552696921862661839e-04
-4.000000000000000000e+00 -6.709335721097886562e-04
-4.000000000000000000e+00 -1.185222063213586807e-03
-4.000000000000000000e+00 -1.696516876108944416e-03
-4.000000000000000000e+00 -2.204009797424077988e-03
-4.000000000000000000e+00 -2.709597116336226463e-03
-4.000000000000000000e+00 -3.206703579053282738e-03
-4.000000000000000000e+00 -3.700918750837445259e-03
-4.000000000000000000e+00 -4.189935978502035141e-03
-4.000000000000000000e+00 -4.674647934734821320e-03
-4.000000000000000000e+00 -5.150000564754009247e-03
-4.000000000000000000e+00 -5.620640236884355545e-03
-4.000000000000000000e+00 -6.084514316171407700e-03
-4.000000000000000000e+00 -6.543295457959175110e-03
-4.000000000000000000e+00 -6.991036701947450638e-03
-4.000000000000000000e+00 -7.433180231600999832e-03
-4.000000000000000000e+00 -7.867277599871158600e-03
-4.000000000000000000e+00 -8.295514620840549469e-03
-4.000000000000000000e+00 -8.711129426956176758e-03
-4.000000000000000000e+00 -9.120478294789791107e-03
-4.000000000000000000e+00 -9.520796127617359161e-03
-4.000000000000000000e+00 -9.912334382534027100e-03
-4.000000000000000000e+00 -1.029454823583364487e-02
-4.000000000000000000e+00 -1.066740509122610092e-02
-4.000000000000000000e+00 -1.103048399090766907e-02
-4.000000000000000000e+00 -1.138390507549047470e-02
-4.000000000000000000e+00 -1.172961108386516571e-02
-4.000000000000000000e+00 -1.206031721085309982e-02
-4.000000000000000000e+00 -1.238282769918441772e-02
-4.000000000000000000e+00 -1.269481796771287918e-02
-4.000000000000000000e+00 -1.299821864813566208e-02
-4.000000000000000000e+00 -1.328566391021013260e-02
-4.000000000000000000e+00 -1.356419268995523453e-02
-4.000000000000000000e+00 -1.383113674819469452e-02
-4.000000000000000000e+00 -1.408865675330162048e-02
