-4.000000000000000000e+00 -2.119965292513370514e-02
-4.000000000000000000e+00 -2.139144577085971832e-02
-4.000000000000000000e+00 -2.156353555619716644e-02
-4.000000000000000000e+00 -2.171573974192142487e-02
-4.000000000000000000e+00 -2.184791490435600281e-02
-4.000000000000000000e+00 -2.195982262492179871e-02
-4.000000000000000000e+00 -2.205141447484493256e-02
-4.000000000000000000e+00 -2.212229184806346893e-02
-4.000000000000000000e+00 -2.217260375618934631e-02
-4.000000000000000000e+00 -2.220182865858078003e-02
-4.000000000000000000e+00 -2.221013233065605164e-02
-4.000000000000000000e+00 -2.219723723828792572e-02
-4.000000000000000000e+00 -2.216318249702453613e-02
-4.000000000000000000e+00 -2.210771106183528900e-02
-4.000000000000000000e+00 -2.203036285936832428e-02
-4.000000000000000000e+00 -2.193205617368221283e-02
-4.000000000000000000e+00 -2.181189320981502533e-02
-4.000000000000000000e+00 -2.166982367634773254e-02
-4.000000000000000000e+00 -2.150638774037361145e-02
-4.000000000000000000e+00 -2.132131904363632202e-02
-4.000000000000000000e+00 -2.111441269516944885e-02
-4.000000000000000000e+00 -2.088611200451850891e-02
-4.000000000000000000e+00 -2.063636109232902527e-02
-4.000000000000000000e+00 -2.036540023982524872e-02
-4.000000000000000000e+00 -2.007295377552509308e-02
-4.000000000000000000e+00 -1.975922845304012299e-02
-4.000000000000000000e+00 -1.942467689514160156e-02
-4.000000000000000000e+00 -1.906944438815116882e-02
-4.000000000000000000e+00 -1.869414746761322021e-02
-4.000000000000000000e+00 -1.829855516552925110e-02
-4.000000000000000000e+00 -1.788307726383209229e-02
-4.000000000000000000e+00 -1.744835823774337769e-02
-4.000000000000000000e+00 -1.699464954435825348e-02
-4.000000000000000000e+00 -1.652217283844947815e-02
-4.000000000000000000e+00 -1.603171043097972870e-02
-4.000000000000000000e+00 -1.552329305559396744e-02
-4.000000000000000000e+00 -1.499776914715766907e-02
-4.000000000000000000e+00 -1.445585489273071289e-02
-4.000000000000000000e+00 -1.389817241579294205e-02
-4.000000000000000000e+00 -1.332499645650386810e-02
-4.000000000000000000e+00 -1.273690909147262573e-02
-4.000000000000000000e+00 -1.213483512401580811e-02
-4.000000000000000000e+00 -1.151954662054777145e-02
-4.000000000000000000e+00 -1.089189108461141586e-02
-4.000000000000000000e+00 -1.025185827165842056e-02
-4.000000000000000000e+00 -9.600903838872909546e-03
-4.000000000000000000e+00 -8.939812891185283661e-03
-4.000000000000000000e+00 -8.268988691270351410e-03
-4.000000000000000000e+00 -7.589776534587144852e-03
-4.000000000000000000e+00 -6.902353372424840927e-03
-4.000000000000000000e+00 -6.208117119967937469e-03
-4.000000000000000000e+00 -5.507986992597579956e-03
-4.000000000000000000e+00 -4.802236333489418030e-03
-4.000000000000000000e+00 -4.092158284038305283e-03
-4.000000000000000000e+00 -3.378485795110464096e-03
-4.000000000000000000e+00 -2.662057988345623016e-03
-4.000000000000000000e+00 -1.943945535458624363e-03
-4.000000000000000000e+00 -1.224655890837311745e-03
-4.000000000000000000e+00 -5.054803914390504360e-04
-4.000000000000000000e+00 2.133013040293008089e-04
-4.000000000000000000e+00 9.303155238740146160e-04
-4.000000000000000000e+00 1.645250129513442516e-03
-4.000000000000000000e+00 2.357348566874861717e-03
-4.000000000000000000e+00 3.064950695261359215e-03
-4.000000000000000000e+00 3.768526017665863037e-03
-4.000000000000000000e+00 4.465899895876646042e-03
-4.000000000000000000e+00 5.158412270247936249e-03
-4.000000000000000000e+00 5.842539016157388687e-03
-4.000000000000000000e+00 6.520356982946395874e-03
-4.000000000000000000e+00 7.189144380390644073e-03
-4.000000000000000000e+00 7.849762216210365295e-03
-4.000000000000000000e+00 8.500793948769569397e-03
-4.000000000000000000e+00 9.141939692199230194e-03
-4.000000000000000000e+00 9.772185236215591431e-03
-4.000000000000000000e+00 1.039192359894514084e-02
-4.000000000000000000e+00 1.099983230233192444e-02
-4.000000000000000000e+00 1.159529108554124832e-02
-4.000000000000000000e+00 1.217868365347385406e-02
-4.000000000000000000e+00 1.274860836565494537e-02
-4.000000000000000000e+00 1.330557651817798615e-02
-4.000000000000000000e+00 1.384835224598646164e-02
-4.000000000000000000e+00 1.437789667397737503e-02
-4.000000000000000000e+00 1.489093247801065445e-02
-4.000000000000000000e+00 1.539077609777450562e-02
-4.000000000000000000e+00 1.587370038032531738e-02
-4.000000000000000000e+00 1.634255237877368927e-02
-4.000000000000000000e+00 1.679375953972339630e-02
-4.000000000000000000e+00 1.723048835992813110e-02
-4.000000000000000000e+00 1.764877140522003174e-02
-4.000000000000000000e+00 1.805129460990428925e-02
-4.000000000000000000e+00 1.843670010566711426e-02
-4.000000000000000000e+00 1.880482025444507599e-02
-4.000000000000000000e+00 1.915524341166019440e-02
-4.000000000000000000e+00 1.948786899447441101e-02
-4.000000000000000000e+00 1.980238780379295349e-02
-4.000000000000000000e+00 2.009863592684268951e-02
-4.000000000000000000e+00 2.037643082439899445e-02
-4.000000000000000000e+00 2.063544280827045441e-02
-4.000000000000000000e+00 2.087547257542610168e-02
-4.000000000000000000e+00 2.109634503722190857e-02
-4.000000000000000000e+00 2.129803784191608429e-02
-4.000000000000000000e+00 2.147900313138961792e-02
-4.000000000000000000e+00 2.164216525852680206e-02
-4.000000000000000000e+00 2.178342267870903015e-02
-4.000000000000000000e+00 2.190645970404148102e-02
-4.000000000000000000e+00 2.200724929571151733e-02
-4.000000000000000000e+00 2.208948507905006409e-02
-4.000000000000000000e+00 2.214919216930866241e-02
-4.000000000000000000e+00 2.218985557556152344e-02
-4.000000000000000000e+00 2.220782265067100525e-02
-4.000000000000000000e+00 2.220640704035758972e-02
-4.000000000000000000e+00 2.218199707567691803e-02
-4.000000000000000000e+00 2.213804237544536591e-02
-4.000000000000000000e+00 2.207093685865402222e-02
-4.000000000000000000e+00 2.198390848934650421e-02
-4.000000000000000000e+00 2.187365666031837463e-02
-4.000000000000000000e+00 2.174353040754795074e-02
-4.000000000000000000e+00 2.159016393125057220e-02
-4.000000000000000000e+00 2.141671255230903625e-02
-4.000000000000000000e+00 2.121985517442226410e-02
-4.000000000000000000e+00 2.100231125950813293e-02
-4.000000000000000000e+00 2.076386101543903351e-02
-4.000000000000000000e+00 2.050264738500118256e-02
-4.000000000000000000e+00 2.022086828947067261e-02
-4.000000000000000000e+00 1.991807110607624054e-02
-4.000000000000000000e+00 1.959371939301490784e-02
-4.000000000000000000e+00 1.924911513924598694e-02
-4.000000000000000000e+00 1.888374052941799164e-02
-4.000000000000000000e+00 1.849941723048686981e-02
-4.000000000000000000e+00 1.809274218976497650e-02
-4.000000000000000000e+00 1.766783371567726135e-02
-4.000000000000000000e+00 1.722327806055545807e-02
-4.000000000000000000e+00 1.676109246909618378e-02
-4.000000000000000000e+00 1.627865619957447052e-02
-4.000000000000000000e+00 1.577944867312908173e-02
-4.000000000000000000e+00 1.526256836950778961e-02
-4.000000000000000000e+00 1.472941413521766663e-02
-4.000000000000000000e+00 1.417884323745965958e-02
-4.000000000000000000e+00 1.361322961747646332e-02
-4.000000000000000000e+00 1.303250715136528015e-02
-4.000000000000000000e+00 1.243794802576303482e-02
-4.000000000000000000e+00 1.182866562157869339e-02
-4.000000000000000000e+00 1.120709255337715149e-02
-4.000000000000000000e+00 1.057313289493322372e-02
-4.000000000000000000e+00 9.927999228239059448e-03
-4.000000000000000000e+00 9.271486662328243256e-03
-4.000000000000000000e+00 8.605642244219779968e-03
-4.000000000000000000e+00 7.930474355816841125e-03
-4.000000000000000000e+00 7.247006986290216446e-03
-4.000000000000000000e+00 6.556270644068717957e-03
-4.000000000000000000e+00 5.858830176293849945e-03
-4.000000000000000000e+00 5.155861843377351761e-03
-4.000000000000000000e+00 4.447794053703546524e-03
-4.000000000000000000e+00 3.735670121386647224e-03
-4.000000000000000000e+00 3.020850708708167076e-03
-4.000000000000000000e+00 2.303685760125517845e-03
-4.000000000000000000e+00 1.584745943546295166e-03
-4.000000000000000000e+00 8.645339985378086567e-04
-4.000000000000000000e+00 1.464263768866658211e-04
-4.000000000000000000e+00 -5.717866006307303905e-04
-4.000000000000000000e+00 -1.287744962610304356e-03
-4.000000000000000000e+00 -2.002065768465399742e-03
-4.000000000000000000e+00 -2.711118897423148155e-03
-4.000000000000000000e+00 -3.416893538087606430e-03
-4.000000000000000000e+00 -4.117495846003293991e-03
-4.000000000000000000e+00 -4.813424311578273773e-03
-4.000000000000000000e+00 -5.500643514096736908e-03
-4.000000000000000000e+00 -6.181734148412942886e-03
-4.000000000000000000e+00 -6.855122279375791550e-03
-4.000000000000000000e+00 -7.519896142184734344e-03
-4.000000000000000000e+00 -8.177341893315315247e-03
-4.000000000000000000e+00 -8.821881376206874847e-03
-4.000000000000000000e+00 -9.457810781896114349e-03
-4.000000000000000000e+00 -1.008302625268697739e-02
-4.000000000000000000e+00 -1.069802977144718170e-02
-4.000000000000000000e+00 -1.129850558936595917e-02
-4.000000000000000000e+00 -1.188800483942031860e-02
-4.000000000000000000e+00 -1.246466953307390213e-02
-4.000000000000000000e+00 -1.302965730428695679e-02
-4.000000000000000000e+00 -1.357796229422092438e-02
-4.000000000000000000e+00 -1.411380618810653687e-02
-4.000000000000000000e+00 -1.463505066931247711e-02
-4.000000000000000000e+00 -1.514329854398965836e-02
-4.000000000000000000e+00 -1.563292555510997772e-02
-4.000000000000000000e+00 -1.610890589654445648e-02
-4.000000000000000000e+00 -1.656888984143733978e-02
-4.000000000000000000e+00 -1.701294630765914917e-02
-4.000000000000000000e+00 -1.744051277637481689e-02
-4.000000000000000000e+00 -1.785144954919815063e-02
-4.000000000000000000e+00 -1.824531517922878265e-02
-4.000000000000000000e+00 -1.862211525440216064e-02
-4.000000000000000000e+00 -1.898333244025707245e-02
-4.000000000000000000e+00 -1.932300068438053131e-02
-4.000000000000000000e+00 -1.964655518531799316e-02
-4.000000000000000000e+00 -1.995205879211425781e-02
-4.000000000000000000e+00 -2.024102397263050079e-02
-4.000000000000000000e+00 -2.050745114684104919e-02
-4.000000000000000000e+00 -2.075700461864471436e-02
-4.000000000000000000e+00 -2.098750509321689606e-02
-4.000000000000000000e+00 -2.120069600641727448e-02
