-1.471464335918426514e-01 5.230417009443044662e-03
-1.471569091081619263e-01 4.869296215474605560e-03
-1.471617966890335083e-01 4.545905627310276031e-03
-1.471640467643737793e-01 4.260171204805374146e-03
-1.471607238054275513e-01 4.013385158032178879e-03
-1.471547633409500122e-01 3.805788466706871986e-03
-1.471475064754486084e-01 3.637087065726518631e-03
-1.471335738897323608e-01 3.508441848680377007e-03
-1.471183449029922485e-01 3.420108230784535408e-03
-1.471000015735626221e-01 3.372550476342439651e-03
-1.470785737037658691e-01 3.366226097568869591e-03
-1.470554769039154053e-01 3.401478519663214684e-03
-1.470296531915664673e-01 3.478208556771278381e-03
-1.470038145780563354e-01 3.597534028813242912e-03
-1.469763070344924927e-01 3.760551102459430695e-03
-1.469480991363525391e-01 3.965246025472879410e-03
-1.469196528196334839e-01 4.214202053844928741e-03
-1.468910723924636841e-01 4.507207777351140976e-03
-1.468655914068222046e-01 4.844354465603828430e-03
-1.468395292758941650e-01 5.225434899330139160e-03
-1.468154788017272949e-01 5.651332903653383255e-03
-1.467942893505096436e-01 6.121299695223569870e-03
-1.467788070440292358e-01 6.636490579694509506e-03
-1.467639356851577759e-01 7.195316255092620850e-03
-1.467557102441787720e-01 7.800338789820671082e-03
-1.467509567737579346e-01 8.449855260550975800e-03
-1.467514336109161377e-01 9.143729694187641144e-03
-1.467583328485488892e-01 9.882545098662376404e-03
-1.467721462249755859e-01 1.066392660140991211e-02
-1.467914283275604248e-01 1.148972474038600922e-02
-1.468212008476257324e-01 1.235860027372837067e-02
-1.468576192855834961e-01 1.327001769095659256e-02
-1.469008326530456543e-01 1.422319654375314713e-02
-1.469566673040390015e-01 1.521794404834508896e-02
-1.470213085412979126e-01 1.625276356935501099e-02
-1.470965594053268433e-01 1.732689142227172852e-02
-1.471808403730392456e-01 1.843886636197566986e-02
-1.472766697406768799e-01 1.958636380732059479e-02
-1.473841667175292969e-01 2.076910622417926788e-02
-1.475027501583099365e-01 2.198556251823902130e-02
-1.476331055164337158e-01 2.323527447879314423e-02
-1.477750092744827271e-01 2.451607771217823029e-02
-1.479310691356658936e-01 2.582605369389057159e-02
-1.480954736471176147e-01 2.716345340013504028e-02
-1.482752412557601929e-01 2.852835506200790405e-02
-1.484663039445877075e-01 2.991674840450286865e-02
-1.486689150333404541e-01 3.132765740156173706e-02
-1.488855779170989990e-01 3.275940567255020142e-02
-1.491146236658096313e-01 3.420868515968322754e-02
-1.493560373783111572e-01 3.567503020167350769e-02
-1.496100723743438721e-01 3.715497255325317383e-02
-1.498742252588272095e-01 3.864699229598045349e-02
-1.501508802175521851e-01 4.015025496482849121e-02
-1.504395604133605957e-01 4.166139662265777588e-02
-1.507398933172225952e-01 4.317922890186309814e-02
-1.510503441095352173e-01 4.470179229974746704e-02
-1.513702124357223511e-01 4.622586071491241455e-02
-1.517005413770675659e-01 4.775059595704078674e-02
-1.520395576953887939e-01 4.927308112382888794e-02
-1.523876190185546875e-01 5.079309269785881042e-02
-1.527441293001174927e-01 5.230689421296119690e-02
-1.531076729297637939e-01 5.381379649043083191e-02
-1.534763127565383911e-01 5.531274527311325073e-02
-1.538523435592651367e-01 5.679954960942268372e-02
-1.542333662509918213e-01 5.827459692955017090e-02
-1.546186655759811401e-01 5.973473191261291504e-02
-1.550075411796569824e-01 6.118117272853851318e-02
-1.553986817598342896e-01 6.260789930820465088e-02
-1.557912379503250122e-01 6.401827931404113770e-02
-1.561844944953918457e-01 6.540621817111968994e-02
-1.565777659416198730e-01 6.677430868148803711e-02
-1.569690108299255371e-01 6.811926513910293579e-02
-1.573583334684371948e-01 6.944032758474349976e-02
-1.577443331480026245e-01 7.073558121919631958e-02
-1.581262797117233276e-01 7.200545817613601685e-02
-1.585041731595993042e-01 7.324828952550888062e-02
-1.588738560676574707e-01 7.446176558732986450e-02
-1.592387706041336060e-01 7.564699649810791016e-02
-1.595933288335800171e-01 7.680128514766693115e-02
-1.599408686161041260e-01 7.792558521032333374e-02
-1.602781713008880615e-01 7.901781052350997925e-02
-1.606049984693527222e-01 8.007899671792984009e-02
-1.609212160110473633e-01 8.110438287258148193e-02
-1.612247079610824585e-01 8.209882676601409912e-02
-1.615152209997177124e-01 8.305609971284866333e-02
-1.617914587259292603e-01 8.398156613111495972e-02
-1.620545983314514160e-01 8.486840873956680298e-02
-1.623013168573379517e-01 8.572272211313247681e-02
-1.625345796346664429e-01 8.653733879327774048e-02
-1.627495139837265015e-01 8.731689304113388062e-02
-1.629471927881240845e-01 8.805906027555465698e-02
-1.631290465593338013e-01 8.876398950815200806e-02
-1.632926762104034424e-01 8.943057805299758911e-02
-1.634377539157867432e-01 9.005907922983169556e-02
-1.635628342628479004e-01 9.064877033233642578e-02
-1.636703014373779297e-01 9.119980037212371826e-02
-1.637580096721649170e-01 9.171142429113388062e-02
-1.638269126415252686e-01 9.218381345272064209e-02
-1.638748794794082642e-01 9.261594712734222412e-02
-1.639026105403900146e-01 9.300776571035385132e-02
-1.639136821031570435e-01 9.336013346910476685e-02
-1.639012992382049561e-01 9.366914629936218262e-02
-1.638695299625396729e-01 9.394095838069915771e-02
-1.638177484273910522e-01 9.416814893484115601e-02
-1.637465804815292358e-01 9.435743093490600586e-02
-1.636550724506378174e-01 9.450140595436096191e-02
-1.635435521602630615e-01 9.460655599832534790e-02
-1.634134799242019653e-01 9.466656297445297241e-02
-1.632644832134246826e-01 9.468705952167510986e-02
-1.630961894989013672e-01 9.466143697500228882e-02
-1.629114896059036255e-01 9.459611028432846069e-02
-1.627075076103210449e-01 9.448485076427459717e-02
-1.624870896339416504e-01 9.433294832706451416e-02
-1.622503697872161865e-01 9.413489699363708496e-02
-1.619972288608551025e-01 9.389615803956985474e-02
-1.617300510406494141e-01 9.361125528812408447e-02
-1.614459604024887085e-01 9.328575432300567627e-02
-1.611488908529281616e-01 9.291343390941619873e-02
-1.608394533395767212e-01 9.250094741582870483e-02
-1.605166792869567871e-01 9.204121679067611694e-02
-1.601835489273071289e-01 9.153950959444046021e-02
-1.598373204469680786e-01 9.099613130092620850e-02
-1.594830006361007690e-01 9.040746837854385376e-02
-1.591186821460723877e-01 8.977650105953216553e-02
-1.587475836277008057e-01 8.910422772169113159e-02
-1.583694368600845337e-01 8.838848024606704712e-02
-1.579835712909698486e-01 8.763183653354644775e-02
-1.575928181409835815e-01 8.683356642723083496e-02
-1.571978926658630371e-01 8.599723130464553833e-02
-1.568003445863723755e-01 8.511622995138168335e-02
-1.563996970653533936e-01 8.419835567474365234e-02
-1.559964418411254883e-01 8.324166387319564819e-02
-1.555936485528945923e-01 8.224889636039733887e-02
-1.551918089389801025e-01 8.121573179960250854e-02
-1.547909080982208252e-01 8.014880865812301636e-02
-1.543922722339630127e-01 7.904680818319320679e-02
-1.539979130029678345e-01 7.791188359260559082e-02
-1.536068916320800781e-01 7.674246281385421753e-02
-1.532209813594818115e-01 7.554250955581665039e-02
-1.528421044349670410e-01 7.431241124868392944e-02
-1.524686813354492188e-01 7.305483520030975342e-02
-1.521040797233581543e-01 7.176829129457473755e-02
-1.517458856105804443e-01 7.045716792345046997e-02
-1.513971090316772461e-01 6.912131607532501221e-02
-1.510572582483291626e-01 6.776368618011474609e-02
-1.507279872894287109e-01 6.638402491807937622e-02
-1.504084914922714233e-01 6.498616933822631836e-02
-1.501011252403259277e-01 6.357017904520034790e-02
-1.498031616210937500e-01 6.213901564478874207e-02
-1.495188921689987183e-01 6.069440022110939026e-02
-1.492461562156677246e-01 5.923772975802421570e-02
-1.489847451448440552e-01 5.777154490351676941e-02
-1.487365365028381348e-01 5.629666522145271301e-02
-1.485014259815216064e-01 5.481503531336784363e-02
-1.482791602611541748e-01 5.333011597394943237e-02
-1.480696499347686768e-01 5.184298008680343628e-02
-1.478739380836486816e-01 5.035487562417984009e-02
-1.476901173591613770e-01 4.886755719780921936e-02
-1.475203633308410645e-01 4.738732054829597473e-02
-1.473621428012847900e-01 4.590988904237747192e-02
-1.472182124853134155e-01 4.444072395563125610e-02
-1.470857262611389160e-01 4.297849908471107483e-02
-1.469654738903045654e-01 4.152968898415565491e-02
-1.468571424484252930e-01 4.009081423282623291e-02
-1.467595249414443970e-01 3.866618871688842773e-02
-1.466746479272842407e-01 3.725473210215568542e-02
-1.466021388769149780e-01 3.586407005786895752e-02
-1.465394049882888794e-01 3.448965772986412048e-02
-1.464882194995880127e-01 3.313545882701873779e-02
-1.464472562074661255e-01 3.180214390158653259e-02
-1.464149951934814453e-01 3.048811480402946472e-02
-1.463913023471832275e-01 2.920317836105823517e-02
-1.463755965232849121e-01 2.793934196233749390e-02
-1.463701128959655762e-01 2.670026756823062897e-02
-1.463714241981506348e-01 2.548488788306713104e-02
-1.463783234357833862e-01 2.430147491395473480e-02
-1.463922560214996338e-01 2.314296551048755646e-02
-1.464094072580337524e-01 2.201290056109428406e-02
-1.464328616857528687e-01 2.090838551521301270e-02
-1.464621424674987793e-01 1.983937993645668030e-02
-1.464945226907730103e-01 1.879730820655822754e-02
-1.465292870998382568e-01 1.778570562601089478e-02
-1.465685665607452393e-01 1.680170185863971710e-02
-1.466084569692611694e-01 1.585575938224792480e-02
-1.466497629880905151e-01 1.493797823786735535e-02
-1.466923803091049194e-01 1.405310630798339844e-02
-1.467370241880416870e-01 1.320035010576248169e-02
-1.467803567647933960e-01 1.238058600574731827e-02
-1.468226164579391479e-01 1.159416511654853821e-02
-1.468647718429565430e-01 1.084164809435606003e-02
-1.469056010246276855e-01 1.012220419943332672e-02
-1.469434499740600586e-01 9.434058330953121185e-03
-1.469796448945999146e-01 8.787558414041996002e-03
-1.470126211643218994e-01 8.172498084604740143e-03
-1.470452398061752319e-01 7.592495065182447433e-03
-1.470732241868972778e-01 7.044437341392040253e-03
-1.470979750156402588e-01 6.539558991789817810e-03
-1.471178680658340454e-01 6.067288108170032501e-03
-1.471347659826278687e-01 5.631416570395231247e-03
-1.471484601497650146e-01 5.229226313531398773e-03
