-4.000000000000000000e+00 3.490658402442932129e-01
-4.000000000000000000e+00 1.296125501394271851e-01
-4.000000000000000000e+00 -2.780261635780334473e-02
-4.000000000000000000e+00 -1.434715986251831055e-01
-4.000000000000000000e+00 -2.210938036441802979e-01
-4.000000000000000000e+00 -3.196754157543182373e-01
-4.000000000000000000e+00 -3.068881034851074219e-01
-4.000000000000000000e+00 -2.229751348495483398e-01
-4.000000000000000000e+00 -9.216142445802688599e-02
-4.000000000000000000e+00 5.987424775958061218e-02
-2.740226984024047852e+00 1.348301023244857788e-01
-1.789605498313903809e+00 1.299175918102264404e-01
-1.202286958694458008e+00 1.079055443406105042e-01
-8.204318881034851074e-01 8.987847715616226196e-02
-5.648061633110046387e-01 7.698302716016769409e-02
-3.903281092643737793e-01 6.746419519186019897e-02
-2.712056934833526611e-01 6.006446853280067444e-02
-1.884449571371078491e-01 5.408372357487678528e-02
-1.309366375207901001e-01 4.910578951239585876e-02
-9.102845191955566406e-02 4.487323015928268433e-02
-6.349398195743560791e-02 4.121054336428642273e-02
-4.428703710436820984e-02 3.798846527934074402e-02
-3.088925965130329132e-02 3.510951623320579529e-02
-2.154423668980598450e-02 3.250207379460334778e-02
-1.502662897109985352e-02 3.011290542781352997e-02
-1.048157736659049988e-02 2.790224738419055939e-02
-7.312681525945663452e-03 2.584030106663703918e-02
-5.103845614939928055e-03 2.390465885400772095e-02
-3.564761951565742493e-03 2.207833714783191681e-02
-2.492881845682859421e-03 2.034834958612918854e-02
-1.746884314343333244e-03 1.870461180806159973e-02
-1.228168141096830368e-03 1.713916286826133728e-02
-8.679380989633500576e-04 1.564558781683444977e-02
-6.181966746225953102e-04 1.421860512346029282e-02
-4.454572626855224371e-04 1.285376958549022675e-02
-3.263589169364422560e-04 1.154725812375545502e-02
-2.446056751068681479e-04 1.029571704566478729e-02
-1.888312835944816470e-04 9.096153080463409424e-03
-1.511091541033238173e-04 7.945857010781764984e-03
-1.259125128854066133e-04 6.842347327619791031e-03
-1.093890459742397070e-04 5.783328320831060410e-03
-9.885453619062900543e-05 4.766659811139106750e-03
-9.243965905625373125e-05 3.790336428210139275e-03
-8.884343696990981698e-05 2.852469682693481445e-03
-8.716130832908675075e-05 1.951276557520031929e-03
-8.676503784954547882e-05 1.085068914107978344e-03
-8.721907943254336715e-05 2.522452268749475479e-04
-8.822209929348900914e-05 -5.487155285663902760e-04
-8.956625242717564106e-05 -1.319259405136108398e-03
-9.110876271734014153e-05 -2.060762140899896622e-03
-9.275209595216438174e-05 -2.774533815681934357e-03
-9.443015005672350526e-05 -3.461821470409631729e-03
-9.609860717318952084e-05 -4.123813472688198090e-03
-9.772822522791102529e-05 -4.761641845107078552e-03
-9.930017404258251190e-05 -5.376385059207677841e-03
-1.008027829811908305e-04 -5.969071760773658752e-03
-1.022292635752819479e-04 -6.540681701153516769e-03
-1.035761451930738986e-04 -7.092148531228303909e-03
-1.048421981977298856e-04 -7.624363061040639877e-03
-1.060276626958511770e-04 -8.138173259794712067e-03
-1.071337464964017272e-04 -8.634389378130435944e-03
-1.081622540368698537e-04 -9.113781154155731201e-03
-1.091153244487941265e-04 -9.577083401381969452e-03
-1.099953151424415410e-04 -1.002499740570783615e-02
-1.108046562876552343e-04 -1.045819092541933060e-02
-1.115457780542783439e-04 -1.087730098515748978e-02
-1.122210596804507077e-04 -1.128293387591838837e-02
-1.128328221966512501e-04 -1.167566701769828796e-02
-1.133832774939946830e-04 -1.205605268478393555e-02
-1.138745501521043479e-04 -1.242461614310741425e-02
-1.143086701631546021e-04 -1.278185844421386719e-02
-1.146875292761251330e-04 -1.312825456261634827e-02
-1.150129464804194868e-04 -1.346426270902156830e-02
-1.152866389020346105e-04 -1.379031501710414886e-02
-1.155101999756880105e-04 -1.410682220011949539e-02
-1.156851649284362793e-04 -1.441418100148439407e-02
-1.158129816758446395e-04 -1.471276581287384033e-02
-1.158949962700717151e-04 -1.500293333083391190e-02
-1.159324892796576023e-04 -1.528502441942691803e-02
-1.159266830654814839e-04 -1.555936317890882492e-02
-1.158787199528887868e-04 -1.582625880837440491e-02
-1.157896986114792526e-04 -1.608600839972496033e-02
-1.156606376753188670e-04 -1.633888855576515198e-02
-1.154925121227279305e-04 -1.658516936004161835e-02
-1.152862605522386730e-04 -1.682510413229465485e-02
-1.150427488028071821e-04 -1.705893687903881073e-02
-1.147628427133895457e-04 -1.728689856827259064e-02
-1.144473135354928672e-04 -1.750920712947845459e-02
-1.140969325206242502e-04 -1.772607490420341492e-02
-1.137124345405027270e-04 -1.793769933283329010e-02
-1.132945108111016452e-04 -1.814427226781845093e-02
-1.128438307205215096e-04 -1.834597252309322357e-02
-1.123610345530323684e-04 -1.854297704994678497e-02
-1.118467480409890413e-04 -1.873544603586196899e-02
-1.113015241571702063e-04 -1.892353780567646027e-02
-1.107259449781849980e-04 -1.910739764571189880e-02
-1.101205634768120944e-04 -1.928717084228992462e-02
-1.094859107979573309e-04 -1.946299336850643158e-02
-1.088225035346113145e-04 -1.963498815894126892e-02
-1.081308073480613530e-04 -1.980328187346458435e-02
-1.074113388312980533e-04 -1.996798813343048096e-02
-1.066645345417782664e-04 -2.012922056019306183e-02
-1.058908746927045286e-04 -2.028708346188068390e-02
-1.050907812896184623e-04 -2.044167369604110718e-02
-1.042646690621040761e-04 -2.059308812022209167e-02
-1.034129891195334494e-04 -2.074142172932624817e-02
-1.025361416395753622e-04 -2.088675275444984436e-02
-1.016345049720257521e-04 -2.102917060256004333e-02
-1.007085229502990842e-04 -2.116874977946281433e-02
-9.975853754440322518e-05 -2.130556292831897736e-02
-9.878494893200695515e-05 -2.143968269228935242e-02
-9.778814273886382580e-05 -2.157117612659931183e-02
-9.676847548689693213e-05 -2.170010656118392944e-02
-9.572631097398698330e-05 -2.182653173804283142e-02
-9.466201299801468849e-05 -2.195051312446594238e-02
-9.357595263281837106e-05 -2.207210287451744080e-02
-9.246847184840589762e-05 -2.219135500490665436e-02
-9.133991989074274898e-05 -2.230831421911716461e-02
-9.019064600579440594e-05 -2.242303267121315002e-02
-8.902100671548396349e-05 -2.253555320203304291e-02
-8.783133671386167407e-05 -2.264591492712497711e-02
-8.662197069497779012e-05 -2.275416068732738495e-02
-8.539325790479779243e-05 -2.286032959818840027e-02
-8.414554758928716183e-05 -2.296445332467556000e-02
-8.287915989058092237e-05 -2.306657098233699799e-02
-8.159444405464455485e-05 -2.316671051084995270e-02
-8.029172749957069755e-05 -2.326490730047225952e-02
-7.897135947132483125e-05 -2.336118556559085846e-02
-7.763366738799959421e-05 -2.345557697117328644e-02
-7.627899321960285306e-05 -2.354810573160648346e-02
-7.490766438422724605e-05 -2.363879606127738953e-02
-7.352000829996541142e-05 -2.372767403721809387e-02
-7.211639604065567255e-05 -2.381476014852523804e-02
-7.069715502439066768e-05 -2.390007488429546356e-02
-6.926261266926303506e-05 -2.398363873362541199e-02
-6.781311094528064132e-05 -2.406547218561172485e-02
-6.634899182245135307e-05 -2.414559200406074524e-02
-6.487058999482542276e-05 -2.422401309013366699e-02
-6.337823288049548864e-05 -2.430075407028198242e-02
-6.187228427734225988e-05 -2.437582984566688538e-02
-6.035307524143718183e-05 -2.444925345480442047e-02
-5.882095865672454238e-05 -2.452104166150093079e-02
-5.727628013119101524e-05 -2.459120191633701324e-02
-5.571937072090804577e-05 -2.465975098311901093e-02
-5.415058694779872894e-05 -2.472669817507266998e-02
-5.257027805782854557e-05 -2.479205280542373657e-02
-5.097878965898416936e-05 -2.485582977533340454e-02
-4.937647827318869531e-05 -2.491803467273712158e-02
-4.776368587044999003e-05 -2.497867867350578308e-02
-4.614077261066995561e-05 -2.503776922821998596e-02
-4.450808046385645866e-05 -2.509531378746032715e-02
-4.286596958991140127e-05 -2.515131980180740356e-02
-4.121480014873668551e-05 -2.520579844713211060e-02
-3.955493230023421347e-05 -2.525875344872474670e-02
-3.788670801441185176e-05 -2.531019039452075958e-02
-3.621049108915030956e-05 -2.536011673510074615e-02
-3.452664896030910313e-05 -2.540853805840015411e-02
-3.283553087385371327e-05 -2.545545995235443115e-02
-3.113750790362246335e-05 -2.550088800489902496e-02
-2.943293657153844833e-05 -2.554482594132423401e-02
-2.772217703750357032e-05 -2.558727748692035675e-02
-2.600559491838794202e-05 -2.562824822962284088e-02
-2.428355946904048324e-05 -2.566774562001228333e-02
-2.255643084936309606e-05 -2.570576593279838562e-02
-2.082457103824708611e-05 -2.574232034385204315e-02
-1.908835292852018028e-05 -2.577740699052810669e-02
-1.734813668008428067e-05 -2.581103146076202393e-02
-1.560429700475651771e-05 -2.584319747984409332e-02
-1.385719588142819703e-05 -2.587390691041946411e-02
-1.210720256494823843e-05 -2.590316347777843475e-02
-1.035468449117615819e-05 -2.593096904456615448e-02
-8.600010914960876107e-06 -2.595732733607292175e-02
-6.843533810751978308e-06 -2.598223835229873657e-02
-5.085624707135139033e-06 -2.600570581853389740e-02
-3.326679689052980393e-06 -2.602773532271385193e-02
-1.567055505802272819e-06 -2.604832313954830170e-02
1.928862332079006592e-07 -2.606747485697269440e-02
1.952771981450496241e-06 -2.608519233763217926e-02
3.712220404850086197e-06 -2.610147930681705475e-02
5.470889846037607640e-06 -2.611633203923702240e-02
7.228426966321421787e-06 -2.612975798547267914e-02
8.984437954495660961e-06 -2.614175714552402496e-02
1.073855946742696688e-05 -2.615233138203620911e-02
1.249042725248727947e-05 -2.616148255765438080e-02
1.423967569280648604e-05 -2.616921067237854004e-02
1.598594280949328095e-05 -2.617551945149898529e-02
1.772886389517225325e-05 -2.618041075766086578e-02
1.946807424246799201e-05 -2.618388831615447998e-02
2.120321732945740223e-05 -2.618594653904438019e-02
2.293392935825977474e-05 -2.618659660220146179e-02
2.465985198796261102e-05 -2.618583291769027710e-02
2.638062505866400898e-05 -2.618365921080112457e-02
2.809589386743027717e-05 -2.618008106946945190e-02
2.980530189233832061e-05 -2.617509476840496063e-02
3.150849443045444787e-05 -2.616870403289794922e-02
3.320511677884496748e-05 -2.616091258823871613e-02
3.489481969154439867e-05 -2.615172043442726135e-02
3.657725392258726060e-05 -2.614112943410873413e-02
3.825207386398687959e-05 -2.612914331257343292e-02
3.991892299382016063e-05 -2.611576020717620850e-02
