-4.000000000000000000e+00 -8.218912035226821899e-02
-4.000000000000000000e+00 -1.152858696877956390e-02
-4.000000000000000000e+00 1.481406483799219131e-02
-4.000000000000000000e+00 3.275463357567787170e-02
-4.000000000000000000e+00 4.128820076584815979e-02
-4.000000000000000000e+00 4.253445938229560852e-02
-4.000000000000000000e+00 3.977132588624954224e-02
-4.000000000000000000e+00 3.515036031603813171e-02
-3.559206962585449219e+00 2.730231545865535736e-02
-2.702747106552124023e+00 1.631174981594085693e-02
-2.052558898925781250e+00 4.201260861009359360e-03
-1.558747410774230957e+00 -5.328952334821224213e-03
-1.183594584465026855e+00 -1.225665491074323654e-02
-8.986166715621948242e-01 -1.727129705250263214e-02
-6.821892261505126953e-01 -2.095518447458744049e-02
-5.178579688072204590e-01 -2.367347665131092072e-02
-3.931011855602264404e-01 -2.565324120223522186e-02
-2.983970940113067627e-01 -2.704738825559616089e-02
-2.265098392963409424e-01 -2.797046303749084473e-02
-1.719434857368469238e-01 -2.851519547402858734e-02
-1.305249929428100586e-01 -2.875969931483268738e-02
-9.908641129732131958e-02 -2.877048961818218231e-02
-7.522302120923995972e-02 -2.860384248197078705e-02
-5.710957944393157959e-02 -2.830664440989494324e-02
-4.336071014404296875e-02 -2.791723981499671936e-02
-3.292487189173698425e-02 -2.746637910604476929e-02
-2.500391378998756409e-02 -2.697824686765670776e-02
-1.899198256433010101e-02 -2.647149749100208282e-02
-1.442919392138719559e-02 -2.596025168895721436e-02
-1.096645090728998184e-02 -2.545497938990592957e-02
-8.338746614754199982e-03 -2.496325224637985229e-02
-6.344907917082309723e-03 -2.449039556086063385e-02
-4.832217469811439514e-03 -2.404000796377658844e-02
-3.684740513563156128e-03 -2.361436001956462860e-02
-2.814464736729860306e-03 -2.321474067866802216e-02
-2.154577523469924927e-03 -2.284170500934123993e-02
-1.654357998631894588e-03 -2.249526977539062500e-02
-1.275302725844085217e-03 -2.217506244778633118e-02
-9.881829610094428062e-04 -2.188043855130672455e-02
-7.708114571869373322e-04 -2.161056920886039734e-02
-6.063461769372224808e-04 -2.136449888348579407e-02
-4.820033500436693430e-04 -2.114119753241539001e-02
-3.880798176396638155e-04 -2.093959785997867584e-02
-3.172114084009081125e-04 -2.075861953198909760e-02
-2.638091973494738340e-04 -2.059718221426010132e-02
-2.236321597592905164e-04 -2.045422978699207306e-02
-1.934623724082484841e-04 -2.032873407006263733e-02
-1.708584604784846306e-04 -2.021969296038150787e-02
-1.539685472380369902e-04 -2.012615278363227844e-02
-1.413882419001311064e-04 -2.004718966782093048e-02
-1.320528972428292036e-04 -1.998188719153404236e-02
-1.251548819709569216e-04 -1.992952637374401093e-02
-1.200833867187611759e-04 -1.988921500742435455e-02
-1.163742126664146781e-04 -1.986021175980567932e-02
-1.136769860750064254e-04 -1.984180510044097900e-02
-1.117266292567364872e-04 -1.983331888914108276e-02
-1.103227114072069526e-04 -1.983411051332950592e-02
-1.093138635042123497e-04 -1.984357088804244995e-02
-1.085859403247013688e-04 -1.986112631857395172e-02
-1.080529909813776612e-04 -1.988622918725013733e-02
-1.076504486263729632e-04 -1.991836912930011749e-02
-1.073299426934681833e-04 -1.995705626904964447e-02
-1.070552825694903731e-04 -2.000183053314685822e-02
-1.067996199708431959e-04 -2.005226165056228638e-02
-1.065430551534518600e-04 -2.010793425142765045e-02
-1.062709561665542424e-04 -2.016846276819705963e-02
-1.059727001120336354e-04 -2.023347839713096619e-02
-1.056406472343951464e-04 -2.030263282358646393e-02
-1.052694278769195080e-04 -2.037560380995273590e-02
-1.048553604050539434e-04 -2.045207656919956207e-02
-1.043959709932096303e-04 -2.053175866603851318e-02
-1.038897971739061177e-04 -2.061437442898750305e-02
-1.033360385918058455e-04 -2.069966308772563934e-02
-1.027344114845618606e-04 -2.078737318515777588e-02
-1.020849958877079189e-04 -2.087727375328540802e-02
-1.013881847029551864e-04 -2.096914127469062805e-02
-1.006445236271247268e-04 -2.106276899576187134e-02
-9.985471842810511589e-05 -2.115795575082302094e-02
-9.901954763336107135e-05 -2.125451527535915375e-02
-9.813988435780629516e-05 -2.135226875543594360e-02
-9.721661626826971769e-05 -2.145105041563510895e-02
-9.625814709579572082e-05 -2.155067399144172668e-02
-9.524866618448868394e-05 -2.165105938911437988e-02
-9.419902926310896873e-05 -2.175200730562210083e-02
-9.310961468145251274e-05 -2.185338921844959259e-02
-9.198139014188200235e-05 -2.195508405566215515e-02
-9.081526513909921050e-05 -2.205696702003479004e-02
-8.961208368418738246e-05 -2.215892449021339417e-02
-8.837271889206022024e-05 -2.226085029542446136e-02
-8.709802204975858331e-05 -2.236263826489448547e-02
-8.578879351262003183e-05 -2.246419340372085571e-02
-8.444586273981258273e-05 -2.256542071700096130e-02
-8.307003736263141036e-05 -2.266623079776763916e-02
-8.166211046045646071e-05 -2.276654355227947235e-02
-8.022288966458290815e-05 -2.286627702414989471e-02
-7.875316077843308449e-05 -2.296535857021808624e-02
-7.725368777755647898e-05 -2.306371554732322693e-02
-7.572522008558735251e-05 -2.316127717494964600e-02
-7.416852895403280854e-05 -2.325798384845256805e-02
-7.258437835844233632e-05 -2.335377223789691925e-02
-7.097349589457735419e-05 -2.344858273863792419e-02
-6.933660915819928050e-05 -2.354235947132110596e-02
-6.766282604075968266e-05 -2.363573946058750153e-02
-6.597901665372774005e-05 -2.372679859399795532e-02
-6.426606705645099282e-05 -2.381698787212371826e-02
-6.253347237361595035e-05 -2.390607446432113647e-02
-6.077990110497921705e-05 -2.399393729865550995e-02
-5.900474207010120153e-05 -2.408050373196601868e-02
-5.720825720345601439e-05 -2.416572347283363342e-02
-5.539110134122893214e-05 -2.424955740571022034e-02
-5.355403482099063694e-05 -2.433197014033794403e-02
-5.169784344616346061e-05 -2.441292628645896912e-02
-4.982328391633927822e-05 -2.449240349233150482e-02
-4.793111656908877194e-05 -2.457035332918167114e-02
-4.602203625836409628e-05 -2.464675344526767731e-02
-4.409682514960877597e-05 -2.472157590091228485e-02
-4.215622539049945772e-05 -2.479479461908340454e-02
-4.020096457679755986e-05 -2.486638724803924561e-02
-3.823175939032807946e-05 -2.493632584810256958e-02
-3.624930468504317105e-05 -2.500458993017673492e-02
-3.425431350478902459e-05 -2.507115714251995087e-02
-3.224749161745421588e-05 -2.513600699603557587e-02
-3.022953205800149590e-05 -2.519912086427211761e-02
-2.820113695634063333e-05 -2.526047825813293457e-02
-2.616299752844497561e-05 -2.532006055116653442e-02
-2.411581044725608081e-05 -2.537785097956657410e-02
-2.206027784268371761e-05 -2.543383650481700897e-02
-1.999709638766944408e-05 -2.548799663782119751e-02
-1.792695184121839702e-05 -2.554031834006309509e-02
-1.585054633324034512e-05 -2.559079043567180634e-02
-1.376857198920333758e-05 -2.563939429819583893e-02
-1.168171638710191473e-05 -2.568612061440944672e-02
-9.590678018867038190e-06 -2.573095820844173431e-02
-7.496142643503844738e-06 -2.577389217913150787e-02
-5.398799203248927370e-06 -2.581491507589817047e-02
-3.299342552054440603e-06 -2.585401386022567749e-02
-1.198455265694065019e-06 -2.589117921888828278e-02
9.031732588482555002e-07 -2.592640183866024017e-02
3.004857035193708725e-06 -2.595967240631580353e-02
5.105912350700236857e-06 -2.599098533391952515e-02
7.205655947473132983e-06 -2.602033130824565887e-02
9.303412298322655261e-06 -2.604770101606845856e-02
1.139850610343273729e-05 -2.607309073209762573e-02
1.349025751551380381e-05 -2.609649114310741425e-02
1.557799623697064817e-05 -2.611789852380752563e-02
1.766104833222925663e-05 -2.613730542361736298e-02
1.973874896066263318e-05 -2.615470811724662781e-02
2.181043237214908004e-05 -2.617010101675987244e-02
2.387543645454570651e-05 -2.618347853422164917e-02
2.593310273368842900e-05 -2.619483880698680878e-02
2.798277273541316390e-05 -2.620417624711990356e-02
3.002379526151344180e-05 -2.621148712933063507e-02
3.205552275176160038e-05 -2.621676959097385406e-02
3.407730764592997730e-05 -2.622001990675926208e-02
3.608851329772733152e-05 -2.622123807668685913e-02
3.808849942288361490e-05 -2.622041851282119751e-02
4.007663301308639348e-05 -2.621755935251712799e-02
4.205229197395965457e-05 -2.621266432106494904e-02
4.401484693516977131e-05 -2.620572596788406372e-02
4.596367944031953812e-05 -2.619674615561962128e-02
4.789818194694817066e-05 -2.618572488427162170e-02
4.981774691259488463e-05 -2.617266029119491577e-02
5.172176315682008862e-05 -2.615755423903465271e-02
5.360964132705703378e-05 -2.614040300250053406e-02
5.548078843276016414e-05 -2.612121216952800751e-02
5.733461875934153795e-05 -2.609997987747192383e-02
5.917055386817082763e-05 -2.607670612633228302e-02
6.098801895859651268e-05 -2.605139277875423431e-02
6.278645014390349388e-05 -2.602404356002807617e-02
6.456529081333428621e-05 -2.599465847015380859e-02
6.632398435613140464e-05 -2.596323937177658081e-02
6.806197779951617122e-05 -2.592978812754154205e-02
6.977873999858275056e-05 -2.589430660009384155e-02
7.147373980842530727e-05 -2.585680037736892700e-02
7.314645336009562016e-05 -2.581727132201194763e-02
7.479636406060308218e-05 -2.577572129666805267e-02
7.642295531695708632e-05 -2.573215588927268982e-02
7.802573963999748230e-05 -2.568657509982585907e-02
7.960420771269127727e-05 -2.563898637890815735e-02
8.115787932183593512e-05 -2.558939345180988312e-02
8.268628880614414811e-05 -2.553779818117618561e-02
8.418895595241338015e-05 -2.548420615494251251e-02
8.566542965127155185e-05 -2.542862296104431152e-02
8.711525151738896966e-05 -2.537105418741703033e-02
8.853798499330878258e-05 -2.531150169670581818e-02
8.993319352157413960e-05 -2.524997666478157043e-02
9.130045509664341807e-05 -2.518647722899913788e-02
9.263935498893260956e-05 -2.512100897729396820e-02
9.394948574481531978e-05 -2.505358681082725525e-02
9.523048356641083956e-05 -2.498421259224414825e-02
9.648192644817754626e-05 -2.491289190948009491e-02
9.770343604031950235e-05 -2.483963593840599060e-02
9.889461216516792774e-05 -2.476449869573116302e-02
1.000551055767573416e-04 -2.468737587332725525e-02
1.011821441352367401e-04 -2.460888773202896118e-02
1.022802098304964602e-04 -2.452753111720085144e-02
1.033438602462410927e-04 -2.444452047348022461e-02
1.043777519953437150e-04 -2.435971796512603760e-02
1.053804444381967187e-04 -2.427306212484836578e-02
1.063507952494546771e-04 -2.418453432619571686e-02
