-4.000000000000000000e+00 2.357996702194213867e-01
-4.000000000000000000e+00 3.146992623805999756e-02
-4.000000000000000000e+00 -8.707433193922042847e-02
-4.000000000000000000e+00 -1.496053785085678101e-01
-4.000000000000000000e+00 -1.642923504114151001e-01
-4.000000000000000000e+00 -1.356091946363449097e-01
-4.000000000000000000e+00 -7.702603191137313843e-02
-4.000000000000000000e+00 -5.369816906750202179e-03
-4.000000000000000000e+00 6.208781898021697998e-02
-3.905969619750976562e+00 9.687559306621551514e-02
-2.606967926025390625e+00 8.734785765409469604e-02
-1.773258328437805176e+00 6.250818073749542236e-02
-1.223691940307617188e+00 4.309657961130142212e-02
-8.522089719772338867e-01 3.023287281394004822e-02
-6.018683314323425293e-01 2.148062549531459808e-02
-4.258074164390563965e-01 1.515834685415029526e-02
-3.012462854385375977e-01 1.034593768417835236e-02
-2.131308168172836304e-01 6.599947810173034668e-03
-1.507999747991561890e-01 3.662679810076951981e-03
-1.067086979746818542e-01 1.353300525806844234e-03
-7.551904767751693726e-02 -4.678541445173323154e-04
-5.345538631081581116e-02 -1.912373816594481468e-03
-3.784706443548202515e-02 -3.069052239879965782e-03
-2.680516988039016724e-02 -4.007956944406032562e-03
-1.899363473057746887e-02 -4.783390555530786514e-03
-1.346739381551742554e-02 -5.436752457171678543e-03
-9.557922370731830597e-03 -5.999146495014429092e-03
-6.792288739234209061e-03 -6.493661087006330490e-03
-4.835920408368110657e-03 -6.937275175005197525e-03
-3.452112898230552673e-03 -7.342390716075897217e-03
-2.473398577421903610e-03 -7.718025706708431244e-03
-1.781291211955249310e-03 -8.070725947618484497e-03
-1.291958149522542953e-03 -8.405243046581745148e-03
-9.460850269533693790e-04 -8.725036866962909698e-03
-7.017042371444404125e-04 -9.032636880874633789e-03
-5.291218403726816177e-04 -9.329908527433872223e-03
-4.073281888850033283e-04 -9.618236683309078217e-03
-3.214578318875283003e-04 -9.898671880364418030e-03
-2.609930234029889107e-04 -1.017201319336891174e-02
-2.184921177104115486e-04 -1.043888833373785019e-02
-1.886899262899532914e-04 -1.069979369640350342e-02
-1.678612752584740520e-04 -1.095513720065355301e-02
-1.533705799374729395e-04 -1.120525505393743515e-02
-1.433532743249088526e-04 -1.145043596625328064e-02
-1.364901982014998794e-04 -1.169092766940593719e-02
-1.318481808993965387e-04 -1.192695274949073792e-02
-1.287671038880944252e-04 -1.215870585292577744e-02
-1.267800398636609316e-04 -1.238636765629053116e-02
-1.255567331099882722e-04 -1.261010486632585526e-02
-1.248636981472373009e-04 -1.283006835728883743e-02
-1.245357852894812822e-04 -1.304640062153339386e-02
-1.244562881765887141e-04 -1.325923390686511993e-02
-1.245427265530452132e-04 -1.346869673579931259e-02
-1.247368782060220838e-04 -1.367490366101264954e-02
-1.249975757673382759e-04 -1.387796830385923386e-02
-1.252958318218588829e-04 -1.407799497246742249e-02
-1.256112154806032777e-04 -1.427508518099784851e-02
-1.259293348994106054e-04 -1.446933299303054810e-02
-1.262401056010276079e-04 -1.466082781553268433e-02
-1.265364262508228421e-04 -1.484965439885854721e-02
-1.268134074052795768e-04 -1.503589563071727753e-02
-1.270676002604886889e-04 -1.521962601691484451e-02
-1.272966619580984116e-04 -1.540092006325721741e-02
-1.274989772355183959e-04 -1.557984575629234314e-02
-1.276734983548521996e-04 -1.575646921992301941e-02
-1.278194977203384042e-04 -1.593085378408432007e-02
-1.279365678783506155e-04 -1.610305532813072205e-02
-1.280244177905842662e-04 -1.627313159406185150e-02
-1.280829455936327577e-04 -1.644113659858703613e-02
-1.281121367355808616e-04 -1.660711877048015594e-02
-1.281119912164285779e-04 -1.677112840116024017e-02
-1.280825963476672769e-04 -1.693320646882057190e-02
-1.280240394407883286e-04 -1.709339953958988190e-02
-1.279364369111135602e-04 -1.725174486637115479e-02
-1.278199488297104836e-04 -1.740828342735767365e-02
-1.276747207157313824e-04 -1.756304875016212463e-02
-1.275008689844980836e-04 -1.771607622504234314e-02
-1.272985973628237844e-04 -1.786739937961101532e-02
-1.270680368179455400e-04 -1.801704615354537964e-02
-1.268093328690156341e-04 -1.816504821181297302e-02
-1.265226892428472638e-04 -1.831142976880073547e-02
-1.262082369066774845e-04 -1.845621876418590546e-02
-1.258661504834890366e-04 -1.859943754971027374e-02
-1.254965754924342036e-04 -1.874110847711563110e-02
-1.250997156603261828e-04 -1.888125389814376831e-02
-1.246757019544020295e-04 -1.901989616453647614e-02
-1.242247381014749408e-04 -1.915704831480979919e-02
-1.237469696206972003e-04 -1.929273456335067749e-02
-1.232425565831363201e-04 -1.942696608603000641e-02
-1.227116881636902690e-04 -1.955976337194442749e-02
-1.221545389853417873e-04 -1.969113573431968689e-02
-1.215712763951160014e-04 -1.982109993696212769e-02
-1.209620750159956515e-04 -1.994966901838779449e-02
-1.203271240228787065e-04 -2.007685415446758270e-02
-1.196665980387479067e-04 -2.020266465842723846e-02
-1.189806716865859926e-04 -2.032711356878280640e-02
-1.182695486932061613e-04 -2.045020647346973419e-02
-1.175334036815911531e-04 -2.057195641100406647e-02
-1.167724476545117795e-04 -2.069237083196640015e-02
-1.159868625109083951e-04 -2.081145346164703369e-02
-1.151768374256789684e-04 -2.092921547591686249e-02
-1.143425834015943110e-04 -2.104566060006618500e-02
-1.134842968895100057e-04 -2.116079628467559814e-02
-1.126021961681544781e-04 -2.127462625503540039e-02
-1.116964849643409252e-04 -2.138715609908103943e-02
-1.107673670048825443e-04 -2.149838954210281372e-02
-1.098150678444653749e-04 -2.160833403468132019e-02
-1.088398057618178427e-04 -2.171698585152626038e-02
-1.078417844837531447e-04 -2.182435430586338043e-02
-1.068212586687877774e-04 -2.193043939769268036e-02
-1.057784393196925521e-04 -2.203524485230445862e-02
-1.047135592671111226e-04 -2.213877066969871521e-02
-1.036268586176447570e-04 -2.224102057516574860e-02
-1.025185847538523376e-04 -2.234199456870555878e-02
-1.013889632304199040e-04 -2.244169451296329498e-02
-1.002382487058639526e-04 -2.254012040793895721e-02
-9.906668856274336576e-05 -2.263727411627769470e-02
-9.787455201148986816e-05 -2.273315563797950745e-02
-9.666207188274711370e-05 -2.282776311039924622e-02
-9.542951738694682717e-05 -2.292110025882720947e-02
-9.417715773452073336e-05 -2.301316335797309875e-02
-9.290526213590055704e-05 -2.310395240783691406e-02
-9.161408524960279465e-05 -2.319346927106380463e-02
-9.030393266584724188e-05 -2.328171394765377045e-02
-8.897505176719278097e-05 -2.336867898702621460e-02
-8.762771904002875090e-05 -2.345436997711658478e-02
-8.626224007457494736e-05 -2.353878505527973175e-02
-8.487889135722070932e-05 -2.362191863358020782e-02
-8.347796392627060413e-05 -2.370377257466316223e-02
-8.205975609598681331e-05 -2.378434501588344574e-02
-8.062455890467390418e-05 -2.386363409459590912e-02
-7.917268521850928664e-05 -2.394163794815540314e-02
-7.770442607579752803e-05 -2.401835657656192780e-02
-7.622010161867365241e-05 -2.409378625452518463e-02
-7.472000288544222713e-05 -2.416792511940002441e-02
-7.320445001823827624e-05 -2.424077130854129791e-02
-7.167376315919682384e-05 -2.431232482194900513e-02
-7.012825517449527979e-05 -2.438258007168769836e-02
-6.856825348222628236e-05 -2.445153892040252686e-02
-6.699407822452485561e-05 -2.451919578015804291e-02
-6.540606409544125199e-05 -2.458555065095424652e-02
-6.380453123711049557e-05 -2.465059980750083923e-02
-6.218982161954045296e-05 -2.471434511244297028e-02
-6.056226993678137660e-05 -2.477677911520004272e-02
-5.892219996894709766e-05 -2.483790181577205658e-02
-5.726996096200309694e-05 -2.489771321415901184e-02
-5.560590216191485524e-05 -2.495620772242546082e-02
-5.393035826273262501e-05 -2.501338347792625427e-02
-5.224367851042188704e-05 -2.506924234330654144e-02
-5.054621942690573633e-05 -2.512377686798572540e-02
-4.883832298219203949e-05 -2.517698891460895538e-02
-4.712034933618269861e-05 -2.522887289524078369e-02
-4.539264773484319448e-05 -2.527943067252635956e-02
-4.365558925201185048e-05 -2.532865665853023529e-02
-4.190951949567534029e-05 -2.537655085325241089e-02
-4.015480953967198730e-05 -2.542311139404773712e-02
-3.839181590592488647e-05 -2.546833455562591553e-02
-3.662090603029355407e-05 -2.551221847534179688e-02
-3.484244734863750637e-05 -2.555476501584053040e-02
-3.305681093479506671e-05 -2.559596672654151917e-02
-3.126435694866813719e-05 -2.563582733273506165e-02
-2.946546555904205889e-05 -2.567433938384056091e-02
-2.766050056379754096e-05 -2.571150660514831543e-02
-2.584984758868813515e-05 -2.574732340872287750e-02
-2.407081956334877759e-05 -2.578179165720939636e-02
-2.223907176812645048e-05 -2.581490390002727509e-02
-2.040592335106339306e-05 -2.584666572511196136e-02
-1.857083225331734866e-05 -2.587707154452800751e-02
-1.673350925557315350e-05 -2.590612135827541351e-02
-1.489387523179175332e-05 -2.593381144106388092e-02
-1.305197838519234210e-05 -2.596014365553855896e-02
-1.120796969189541414e-05 -2.598511613905429840e-02
-9.362064702145289630e-06 -2.600872702896595001e-02
-7.514527169405482709e-06 -2.603097632527351379e-02
-5.665656772180227563e-06 -2.605186030268669128e-02
-3.815778654825408012e-06 -2.607137896120548248e-02
-1.965236378964618780e-06 -2.608953416347503662e-02
-1.143827006444553263e-07 -2.610632404685020447e-02
1.736423314468993340e-06 -2.612174488604068756e-02
3.586813818401424214e-06 -2.613579668104648590e-02
5.436414539872203022e-06 -2.614848315715789795e-02
7.284849289135308936e-06 -2.615980058908462524e-02
9.131746082857716829e-06 -2.616974897682666779e-02
1.097672611649613827e-05 -2.617832645773887634e-02
1.281941149500198662e-05 -2.618553489446640015e-02
1.465942204958992079e-05 -2.619137242436408997e-02
1.649639307288452983e-05 -2.619584091007709503e-02
1.832993257266934961e-05 -2.619893848896026611e-02
2.015965037571731955e-05 -2.620066702365875244e-02
2.198518450313713402e-05 -2.620102278888225555e-02
2.380616024311166257e-05 -2.620000950992107391e-02
2.562220106483437121e-05 -2.619762718677520752e-02
2.743293225648812950e-05 -2.619387395679950714e-02
2.923798092524521053e-05 -2.618875354528427124e-02
3.103697599726729095e-05 -2.618226408958435059e-02
3.282954639871604741e-05 -2.617440558969974518e-02
3.461532105575315654e-05 -2.616517990827560425e-02
3.639393617049790919e-05 -2.615458704531192780e-02
3.816502794506959617e-05 -2.614262886345386505e-02
3.992822530562989414e-05 -2.612930722534656525e-02
