-1.500312209129333496e+00 -1.690521985292434692e-01
-1.442352056503295898e+00 3.678420931100845337e-02
-1.383137941360473633e+00 5.254771932959556580e-02
-1.329190850257873535e+00 4.383019357919692993e-02
-1.278009176254272461e+00 2.846861630678176880e-02
-1.229084730148315430e+00 1.411523856222629547e-02
-1.182124733924865723e+00 3.511962248012423515e-03
-1.136923074722290039e+00 -3.380848560482263565e-03
-1.093368768692016602e+00 -7.574750576168298721e-03
-1.051408767700195312e+00 -1.011254079639911652e-02
-1.011008143424987793e+00 -1.175009738653898239e-02
-9.721300005912780762e-01 -1.294227503240108490e-02
-9.347308874130249023e-01 -1.392767485231161118e-02
-8.987622261047363281e-01 -1.481684390455484390e-02
-8.641729950904846191e-01 -1.565449871122837067e-02
-8.309119343757629395e-01 -1.645559445023536682e-02
-7.989286780357360840e-01 -1.722348667681217194e-02
-7.681744098663330078e-01 -1.795791462063789368e-02
-7.386020421981811523e-01 -1.865806058049201965e-02
-7.101663351058959961e-01 -1.932339183986186981e-02
-6.828235983848571777e-01 -1.995397917926311493e-02
-6.565319895744323730e-01 -2.055014297366142273e-02
-6.312512159347534180e-01 -2.111252397298812866e-02
-6.069424152374267578e-01 -2.164190821349620819e-02
-5.835684537887573242e-01 -2.213918976485729218e-02
-5.610932707786560059e-01 -2.260530181229114532e-02
-5.394824743270874023e-01 -2.304121665656566620e-02
-5.187028050422668457e-01 -2.344789914786815643e-02
-4.987223744392395020e-01 -2.382633462548255920e-02
-4.795104265213012695e-01 -2.417747676372528076e-02
-4.610373973846435547e-01 -2.450226247310638428e-02
-4.432749152183532715e-01 -2.480162307620048523e-02
-4.261956214904785156e-01 -2.507645264267921448e-02
-4.097731709480285645e-01 -2.532765269279479980e-02
-3.939823508262634277e-01 -2.555604651570320129e-02
-3.787988126277923584e-01 -2.576246485114097595e-02
-3.641991615295410156e-01 -2.594770304858684540e-02
-3.501609265804290771e-01 -2.611267566680908203e-02
-3.366624712944030762e-01 -2.625763416290283203e-02
-3.236830234527587891e-01 -2.638385072350502014e-02
-3.112025856971740723e-01 -2.649180591106414795e-02
-2.992019355297088623e-01 -2.658214047551155090e-02
-2.876625955104827881e-01 -2.665548957884311676e-02
-2.765668034553527832e-01 -2.671246416866779327e-02
-2.658974528312683105e-01 -2.675364166498184204e-02
-2.556381523609161377e-01 -2.677958086133003235e-02
-2.457730919122695923e-01 -2.679081633687019348e-02
-2.362871170043945312e-01 -2.678785473108291626e-02
-2.271656095981597900e-01 -2.677118591964244843e-02
-2.183945477008819580e-01 -2.674127183854579926e-02
-2.099604755640029907e-01 -2.669886872172355652e-02
-2.018503844738006592e-01 -2.664356306195259094e-02
-1.940518468618392944e-01 -2.657650411128997803e-02
-1.865528672933578491e-01 -2.649789489805698395e-02
-1.793419271707534790e-01 -2.640807256102561951e-02
-1.724079698324203491e-01 -2.630740217864513397e-02
-1.657403409481048584e-01 -2.619624137878417969e-02
-1.593288034200668335e-01 -2.607484348118305206e-02
-1.531635224819183350e-01 -2.594357542693614960e-02
-1.472350507974624634e-01 -2.580271475017070770e-02
-1.415342837572097778e-01 -2.565254084765911102e-02
-1.360525041818618774e-01 -2.549332566559314728e-02
-1.307812780141830444e-01 -2.532532066106796265e-02
-1.257125586271286011e-01 -2.514877542853355408e-02
-1.208385676145553589e-01 -2.496390603482723236e-02
-1.161518469452857971e-01 -2.477098628878593445e-02
-1.116452068090438843e-01 -2.457018569111824036e-02
-1.073117554187774658e-01 -2.436172403395175934e-02
-1.031448617577552795e-01 -2.414579689502716064e-02
-9.913814067840576172e-02 -2.392260357737541199e-02
-9.528546780347824097e-02 -2.369231730699539185e-02
-9.158094227313995361e-02 -2.345512062311172485e-02
-8.801890164613723755e-02 -2.321118488907814026e-02
-8.459389209747314453e-02 -2.296066656708717346e-02
-8.130067586898803711e-02 -2.270371280610561371e-02
-7.813421636819839478e-02 -2.244052663445472717e-02
-7.508967071771621704e-02 -2.217120677232742310e-02
-7.216237485408782959e-02 -2.189590968191623688e-02
-6.934785842895507812e-02 -2.161477692425251007e-02
-6.664181500673294067e-02 -2.132794260978698730e-02
-6.404010206460952759e-02 -2.103554084897041321e-02
-6.153873726725578308e-02 -2.073769830167293549e-02
-5.913389846682548523e-02 -2.043454349040985107e-02
-5.682190135121345520e-02 -2.012619748711585999e-02
-5.459921061992645264e-02 -1.981277577579021454e-02
-5.246241763234138489e-02 -1.949440501630306244e-02
-5.040824785828590393e-02 -1.917119510471820831e-02
-4.843356087803840637e-02 -1.884325966238975525e-02
-4.653532803058624268e-02 -1.851071231067180634e-02
-4.471063613891601562e-02 -1.817366108298301697e-02
-4.295668378472328186e-02 -1.783222146332263947e-02
-4.127078875899314880e-02 -1.748649030923843384e-02
-3.965035080909729004e-02 -1.713658310472965240e-02
-3.809288889169692993e-02 -1.678259856998920441e-02
-3.659600019454956055e-02 -1.642464473843574524e-02
-3.515738993883132935e-02 -1.606282591819763184e-02
-3.377483785152435303e-02 -1.569724082946777344e-02
-3.244621306657791138e-02 -1.532799471169710159e-02
-3.116946667432785034e-02 -1.495518814772367477e-02
-2.994262799620628357e-02 -1.457892358303070068e-02
-2.876380085945129395e-02 -1.419929787516593933e-02
-2.763116173446178436e-02 -1.381641440093517303e-02
-2.654295228421688080e-02 -1.343037281185388565e-02
-2.549748681485652924e-02 -1.304127089679241180e-02
-2.449314296245574951e-02 -1.264921110123395920e-02
-2.352835424244403839e-02 -1.225429121404886246e-02
-2.260162122547626495e-02 -1.185661088675260544e-02
-2.171149477362632751e-02 -1.145626977086067200e-02
-2.085658535361289978e-02 -1.105336565524339676e-02
-2.003555186092853546e-02 -1.064800005406141281e-02
-1.924710720777511597e-02 -1.024026982486248016e-02
-1.849000900983810425e-02 -9.830276481807231903e-03
-1.776306889951229095e-02 -9.418116882443428040e-03
-1.706513389945030212e-02 -9.003894403576850891e-03
-1.639510132372379303e-02 -8.587704040110111237e-03
-1.575190573930740356e-02 -8.169648237526416779e-03
-1.513452548533678055e-02 -7.749826647341251373e-03
-1.454197429120540619e-02 -7.328338921070098877e-03
-1.397330220788717270e-02 -6.905284244567155838e-03
-1.342759747058153152e-02 -6.480764131993055344e-03
-1.290397997945547104e-02 -6.054878234863281250e-03
-1.240160409361124039e-02 -5.627727601677179337e-03
-1.191965490579605103e-02 -5.199412815272808075e-03
-1.145734731107950211e-02 -4.770034458488225937e-03
-1.101392693817615509e-02 -4.339783452451229095e-03
-1.058866363018751144e-02 -3.908496815711259842e-03
-1.018085982650518417e-02 -3.476522164419293404e-03
-9.789838455617427826e-03 -3.043903736397624016e-03
-9.414949454367160797e-03 -2.610730240121483803e-03
-9.055568836629390717e-03 -2.177102025598287582e-03
-8.711091242730617523e-03 -1.743121538311243057e-03
-8.380937390029430389e-03 -1.308891456574201584e-03
-8.064547553658485413e-03 -8.745140512473881245e-04
-7.761381566524505615e-03 -4.400921752676367760e-04
-7.470921147614717484e-03 -5.728648375225020573e-06
-7.192665245383977890e-03 4.284736060071736574e-04
-6.926131900399923325e-03 8.624113979749381542e-04
-6.670855451375246048e-03 1.295981346629559994e-03
-6.426388863474130630e-03 1.729080104269087315e-03
-6.192300468683242798e-03 2.161603886634111404e-03
-5.968173965811729431e-03 2.593449316918849945e-03
-5.753608420491218567e-03 3.024512203410267830e-03
-5.548217333853244781e-03 3.454688470810651779e-03
-5.351628176867961884e-03 3.883874509483575821e-03
-5.163481459021568298e-03 4.311965312808752060e-03
-4.983431659638881683e-03 4.738857038319110870e-03
-4.811143968254327774e-03 5.164445377886295319e-03
-4.646297544240951538e-03 5.588625557720661163e-03
-4.488581791520118713e-03 6.011293269693851471e-03
-4.337697289884090424e-03 6.432343274354934692e-03
-4.193356260657310486e-03 6.851672194898128510e-03
-4.055279772728681564e-03 7.269173394888639450e-03
-3.923200536519289017e-03 7.684743497520685196e-03
-3.796859411522746086e-03 8.098278194665908813e-03
-3.676007501780986786e-03 8.509670384228229523e-03
-3.560404758900403976e-03 8.918818086385726929e-03
-3.449819050729274750e-03 9.325616061687469482e-03
-3.344027325510978699e-03 9.729957208037376404e-03
-3.242813982069492340e-03 1.013174094259738922e-02
-3.145971801131963730e-03 1.053085923194885254e-02
-3.053300315514206886e-03 1.092720963060855865e-02
-2.964607207104563713e-03 1.132068689912557602e-02
-2.879706211388111115e-03 1.171118952333927155e-02
-2.798418281599879265e-03 1.209861040115356445e-02
-2.720570890232920647e-03 1.248284801840782166e-02
-2.645997796207666397e-03 1.286379806697368622e-02
-2.574538812041282654e-03 1.324135810136795044e-02
-2.506039803847670555e-03 1.361542567610740662e-02
-2.440351992845535278e-03 1.398589555174112320e-02
-2.377332421019673347e-03 1.435266900807619095e-02
-2.316843485459685326e-03 1.471564359962940216e-02
-2.258752938359975815e-03 1.507471781224012375e-02
-2.202932955697178841e-03 1.542978920042514801e-02
-2.149261301383376122e-03 1.578075997531414032e-02
-2.097619930282235146e-03 1.612752676010131836e-02
-2.047895453870296478e-03 1.646996848285198212e-02
-1.999979373067617416e-03 1.680806651711463928e-02
-1.953766914084553719e-03 1.714164018630981445e-02
-1.909157726913690567e-03 1.747061870992183685e-02
-1.866055536083877087e-03 1.779490523040294647e-02
-1.824367907829582691e-03 1.811440475285053253e-02
-1.784006482921540737e-03 1.842902228236198425e-02
-1.744886394590139389e-03 1.873866654932498932e-02
-1.706930459477007389e-03 1.904322206974029541e-02
-1.670052763074636459e-03 1.934265531599521637e-02
-1.634183223359286785e-03 1.963682286441326141e-02
-1.599250710569322109e-03 1.992564462125301361e-02
-1.565187703818082809e-03 2.020903490483760834e-02
-1.531929476186633110e-03 2.048690803349018097e-02
-1.499414560385048389e-03 2.075917832553386688e-02
-1.467584283091127872e-03 2.102575637400150299e-02
-1.436376944184303284e-03 2.128696814179420471e-02
-1.405751914717257023e-03 2.154147438704967499e-02
-1.375651219859719276e-03 2.179042994976043701e-02
-1.346030854620039463e-03 2.203343622386455536e-02
-1.316844602115452290e-03 2.227035351097583771e-02
-1.288049505092203617e-03 2.250109426677227020e-02
-1.259605749510228634e-03 2.272558771073818207e-02
-1.231475733220577240e-03 2.294375561177730560e-02
-1.203624182380735874e-03 2.315553277730941772e-02
