-4.000000000000000000e+00 3.490658402442932129e-01
-4.000000000000000000e+00 2.229542285203933716e-01
-4.000000000000000000e+00 -2.272512577474117279e-02
-4.000000000000000000e+00 -1.912669688463211060e-01
-4.000000000000000000e+00 -2.356434315443038940e-01
-4.000000000000000000e+00 -2.255715578794479370e-01
-4.000000000000000000e+00 -2.956274151802062988e-01
-4.000000000000000000e+00 -3.327802121639251709e-01
-4.000000000000000000e+00 -2.693546414375305176e-01
-4.000000000000000000e+00 -1.103516146540641785e-01
-2.880459547042846680e+00 9.741763770580291748e-02
-1.807292461395263672e+00 1.472343653440475464e-01
-1.187224507331848145e+00 1.357362419366836548e-01
-7.988110184669494629e-01 1.176192164421081543e-01
-5.452331304550170898e-01 1.031868606805801392e-01
-3.742229044437408447e-01 9.229066222906112671e-02
-2.578698992729187012e-01 8.373574167490005493e-02
-1.776842623949050903e-01 7.673089951276779175e-02
-1.228697746992111206e-01 7.080621272325515747e-02
-8.520533144474029541e-02 6.567589193582534790e-02
-5.907646566629409790e-02 6.114523112773895264e-02
-4.095107689499855042e-02 5.707799270749092102e-02
-2.837866730988025665e-02 5.337790772318840027e-02
-1.965904608368873596e-02 4.997486621141433716e-02
-1.361258886754512787e-02 4.681697860360145569e-02
-9.420825168490409851e-03 4.386546835303306580e-02
-6.515847519040107727e-03 4.109107702970504761e-02
-4.503602162003517151e-03 3.847152367234230042e-02
-3.110655583441257477e-03 3.598962724208831787e-02
-2.147275023162364960e-03 3.363191336393356323e-02
-1.481804181821644306e-03 3.138763457536697388e-02
-1.022887881845235825e-03 2.924802154302597046e-02
-7.071383297443389893e-04 2.720577456057071686e-02
-4.905752721242606640e-04 2.525466680526733398e-02
-3.426862240303307772e-04 2.338929474353790283e-02
-2.423053520033136010e-04 2.160486578941345215e-02
-1.747526112012565136e-04 1.989707536995410919e-02
-1.298488496104255319e-04 1.826199516654014587e-02
-1.005379235721193254e-04 1.669600605964660645e-02
-8.193140820367261767e-05 1.519574690610170364e-02
-7.064359670039266348e-05 1.375807542353868484e-02
-6.433203816413879395e-05 1.238003559410572052e-02
-6.137769378256052732e-05 1.105884183198213577e-02
-6.066308560548350215e-05 9.791853837668895721e-03
-6.141846097307279706e-05 8.576575666666030884e-03
-6.311488687060773373e-05 7.410631049424409866e-03
-6.539031892316415906e-05 6.291764788329601288e-03
-6.799803668400272727e-05 5.217831116169691086e-03
-7.077112968545407057e-05 4.186786245554685593e-03
-7.359770825132727623e-05 3.196683945134282112e-03
-7.640380499651655555e-05 2.245670650154352188e-03
-7.914146408438682556e-05 1.331979292444884777e-03
-8.178059215424582362e-05 4.539263900369405746e-04
-8.430321759078651667e-05 -3.900932788383215666e-04
-8.669967064633965492e-05 -1.201609848067164421e-03
-8.896549115888774395e-05 -1.982082379981875420e-03
-9.110020619118586183e-05 -2.732901601120829582e-03
-9.310555469710379839e-05 -3.455393714830279350e-03
-9.498477447777986526e-05 -4.150823224335908890e-03
-9.674199100118130445e-05 -4.820396658033132553e-03
-9.838179539656266570e-05 -5.465262103825807571e-03
-9.990901162382215261e-05 -6.086517125368118286e-03
-1.013285000226460397e-04 -6.685206666588783264e-03
-1.026450408971868455e-04 -7.262327708303928375e-03
-1.038632617564871907e-04 -7.818830199539661407e-03
-1.049876009346917272e-04 -8.355620317161083221e-03
-1.060222784872166812e-04 -8.873563259840011597e-03
-1.069713034667074680e-04 -9.373480454087257385e-03
-1.078384229913353920e-04 -9.856160730123519897e-03
-1.086272241082042456e-04 -1.032235007733106613e-02
-1.093410101020708680e-04 -1.077276468276977539e-02
-1.099829241866245866e-04 -1.120808441191911697e-02
-1.105559131246991456e-04 -1.162895932793617249e-02
-1.110627199523150921e-04 -1.203600782901048660e-02
-1.115061386371962726e-04 -1.242982037365436554e-02
-1.118881264119409025e-04 -1.281095854938030243e-02
-1.122111862059682608e-04 -1.317995972931385040e-02
-1.124773261835798621e-04 -1.353733520954847336e-02
-1.126893039327114820e-04 -1.388357207179069519e-02
-1.128480871557258070e-04 -1.421913411468267441e-02
-1.129557713284157217e-04 -1.454446651041507721e-02
-1.130140663008205593e-04 -1.485999021679162979e-02
-1.130245291278697550e-04 -1.516610849648714066e-02
-1.129886441049166024e-04 -1.546320319175720215e-02
-1.129076408687978983e-04 -1.575164124369621277e-02
-1.127832656493410468e-04 -1.603177189826965332e-02
-1.126165298046544194e-04 -1.630392484366893768e-02
-1.124085756600834429e-04 -1.656842045485973358e-02
-1.121605600928887725e-04 -1.682555675506591797e-02
-1.118735453928820789e-04 -1.707562617957592010e-02
-1.115485210902988911e-04 -1.731889694929122925e-02
-1.111864548875018954e-04 -1.755563169717788696e-02
-1.107882853830233216e-04 -1.778608374297618866e-02
-1.103548929677344859e-04 -1.801048405468463898e-02
-1.098870852729305625e-04 -1.822906360030174255e-02
-1.093856626539491117e-04 -1.844203285872936249e-02
-1.088513672584667802e-04 -1.864960044622421265e-02
-1.082849412341602147e-04 -1.885196194052696228e-02
-1.076870757970027626e-04 -1.904930174350738525e-02
-1.070584330591373146e-04 -1.924179680645465851e-02
-1.063996387529186904e-04 -1.942961663007736206e-02
-1.057113331626169384e-04 -1.961292140185832977e-02
-1.049941056407988071e-04 -1.979186572134494781e-02
-1.042485309881158173e-04 -1.996659487485885620e-02
-1.034751549013890326e-04 -2.013724669814109802e-02
-1.026745230774395168e-04 -2.030395530164241791e-02
-1.018471521092578769e-04 -2.046684548258781433e-02
-1.009935367619618773e-04 -2.062603831291198730e-02
-1.001141718006692827e-04 -2.078164555132389069e-02
-9.920953016262501478e-05 -2.093377709388732910e-02
-9.828008478507399559e-05 -2.108253538608551025e-02
-9.732628677738830447e-05 -2.122802287340164185e-02
-9.634860180085524917e-05 -2.137032896280288696e-02
-9.534741548122838140e-05 -2.150954306125640869e-02
-9.432318620383739471e-05 -2.164575271308422089e-02
-9.327632142230868340e-05 -2.177903801202774048e-02
-9.220723586622625589e-05 -2.190947160124778748e-02
-9.111631516134366393e-05 -2.203713171184062958e-02
-9.000398858916014433e-05 -2.216208726167678833e-02
-8.887061994755640626e-05 -2.228439971804618835e-02
-8.771658758632838726e-05 -2.240413799881935120e-02
-8.654230623506009579e-05 -2.252135798335075378e-02
-8.534812513971701264e-05 -2.263611741364002228e-02
-8.413442265009507537e-05 -2.274847030639648438e-02
-8.290156984003260732e-05 -2.285846695303916931e-02
-8.164994505932554603e-05 -2.296615950763225555e-02
-8.037991210585460067e-05 -2.307159267365932465e-02
-7.909181294962763786e-05 -2.317480929195880890e-02
-7.778601138852536678e-05 -2.327585220336914062e-02
-7.646287122042849660e-05 -2.337476052343845367e-02
-7.512274169130250812e-05 -2.347157336771488190e-02
-7.376598659902811050e-05 -2.356632426381111145e-02
-7.239295518957078457e-05 -2.365905046463012695e-02
-7.100400398485362530e-05 -2.374978363513946533e-02
-6.959947495488449931e-05 -2.383855357766151428e-02
-6.817972462158650160e-05 -2.392538636922836304e-02
-6.674509495496749878e-05 -2.401031740009784698e-02
-6.529595702886581421e-05 -2.409336529672145844e-02
-6.383263826137408614e-05 -2.417455986142158508e-02
-6.235550245037302375e-05 -2.425392344594001770e-02
-6.086488792789168656e-05 -2.433147653937339783e-02
-5.936115121585316956e-05 -2.440724335610866547e-02
-5.784464883618056774e-05 -2.448124252259731293e-02
-5.631572275888174772e-05 -2.455349452793598175e-02
-5.477471859194338322e-05 -2.462401613593101501e-02
-5.322198921930976212e-05 -2.469282597303390503e-02
-5.165788024896755815e-05 -2.475993707776069641e-02
-5.008273728890344501e-05 -2.482536993920803070e-02
-4.849693868891336024e-05 -2.488913387060165405e-02
-4.690082278102636337e-05 -2.495124749839305878e-02
-4.529475336312316358e-05 -2.501172199845314026e-02
-4.367907968116924167e-05 -2.507057040929794312e-02
-4.205415098113007843e-05 -2.512780390679836273e-02
-4.042033106088638306e-05 -2.518343366682529449e-02
-3.877798008034005761e-05 -2.523747086524963379e-02
-3.712758916663005948e-05 -2.528992667794227600e-02
-3.546914740581996739e-05 -2.534080669283866882e-02
-3.380324051249772310e-05 -2.539012394845485687e-02
-3.213022500858642161e-05 -2.543788775801658630e-02
-3.045025005121715367e-05 -2.548410184681415558e-02
-2.876413418562151492e-05 -2.552877739071846008e-02
-2.707201019802596420e-05 -2.557192184031009674e-02
-2.537418913561850786e-05 -2.561353892087936401e-02
-2.367128581681754440e-05 -2.565363980829715729e-02
-2.196309105784166604e-05 -2.569222822785377502e-02
-2.025012508966028690e-05 -2.572930976748466492e-02
-1.853319554356858134e-05 -2.576489001512527466e-02
-1.681240973994135857e-05 -2.579897642135620117e-02
-1.508809873485006392e-05 -2.583157271146774292e-02
-1.336060904577607289e-05 -2.586268447339534760e-02
-1.163031265605241060e-05 -2.589231356978416443e-02
-9.897597919916734099e-06 -2.592046931385993958e-02
-8.162838639691472054e-06 -2.594715170562267303e-02
-6.426380878110649064e-06 -2.597236819565296173e-02
-4.688587978307623416e-06 -2.599611878395080566e-02
-2.949819418063270859e-06 -2.601841092109680176e-02
-1.210441041621379554e-06 -2.603924646973609924e-02
5.291868774293106981e-07 -2.605863101780414581e-02
2.268702019136981107e-06 -2.607656270265579224e-02
4.007745246781269088e-06 -2.609304897487163544e-02
5.745950602431548759e-06 -2.610809355974197388e-02
7.482959063054295257e-06 -2.612169645726680756e-02
9.218411832989659160e-06 -2.613386139273643494e-02
1.095206152967875823e-05 -2.614459395408630371e-02
1.268328742298763245e-05 -2.615389227867126465e-02
1.441189033357659355e-05 -2.616176381707191467e-02
1.613751010154373944e-05 -2.616820856928825378e-02
1.785978747648186982e-05 -2.617322653532028198e-02
1.957836684596259147e-05 -2.617682702839374542e-02
2.129288805008400232e-05 -2.617900632321834564e-02
2.300300184288062155e-05 -2.617977000772953033e-02
2.470824074407573789e-05 -2.617911994457244873e-02
2.640851016622036695e-05 -2.617705799639225006e-02
2.810330624924972653e-05 -2.617358602583408356e-02
2.979227792820893228e-05 -2.616870775818824768e-02
3.147508687106892467e-05 -2.616242691874504089e-02
3.315138019388541579e-05 -2.615473978221416473e-02
3.482082320260815322e-05 -2.614565566182136536e-02
3.648306665127165616e-05 -2.613517455756664276e-02
3.813776493188925087e-05 -2.612329646944999695e-02
