-4.000000000000000000e+00 3.490658402442932129e-01
-4.000000000000000000e+00 2.725699543952941895e-01
-4.000000000000000000e+00 -1.921568252146244049e-02
-4.000000000000000000e+00 -2.446700930595397949e-01
-4.000000000000000000e+00 -2.447873950004577637e-01
-4.000000000000000000e+00 -2.288399189710617065e-01
-4.000000000000000000e+00 -2.104522883892059326e-01
-4.000000000000000000e+00 -2.603062093257904053e-01
-4.000000000000000000e+00 -3.211143910884857178e-01
-4.000000000000000000e+00 -3.156812787055969238e-01
-2.991172552108764648e+00 2.676281437743455172e-04
-1.810441493988037109e+00 1.348356753587722778e-01
-1.173841595649719238e+00 1.448848247528076172e-01
-7.826932072639465332e-01 1.305119097232818604e-01
-5.302053689956665039e-01 1.161031052470207214e-01
-3.611128330230712891e-01 1.046728640794754028e-01
-2.484261095523834229e-01 9.558298438787460327e-02
-1.708945333957672119e-01 8.810267597436904907e-02
-1.175446659326553345e-01 8.172925561666488647e-02
-8.083429932594299316e-02 7.616006582975387573e-02
-5.557502061128616333e-02 7.119945436716079712e-02
-3.822549432516098022e-02 6.671353429555892944e-02
-2.644037082791328430e-02 6.260748952627182007e-02
-1.828252524137496948e-02 5.881136655807495117e-02
-1.263165473937988281e-02 5.527244880795478821e-02
-8.718612603843212128e-03 5.195227265357971191e-02
-6.010218989104032516e-03 4.882216081023216248e-02
-4.136817529797554016e-03 4.586024582386016846e-02
-2.842120360583066940e-03 4.304953664541244507e-02
-1.948437187820672989e-03 4.037652909755706787e-02
-1.332572428509593010e-03 3.783029317855834961e-02
-9.091148967854678631e-04 3.540175035595893860e-02
-6.188519764691591263e-04 3.308322280645370483e-02
-4.207370220683515072e-04 3.086806274950504303e-02
-2.863197005353868008e-04 2.875040099024772644e-02
-1.958835782716050744e-04 2.672499045729637146e-02
-1.357682485831901431e-04 2.478705160319805145e-02
-9.651223081164062023e-05 2.293220348656177521e-02
-7.156514766393229365e-05 2.115637436509132385e-02
-5.639743540086783469e-05 1.945576816797256470e-02
-4.786705176229588687e-05 1.782681792974472046e-02
-4.382003680802881718e-05 1.626616157591342926e-02
-4.276024628779850900e-05 1.477062795311212540e-02
-4.366147913970053196e-05 1.333720330148935318e-02
-4.581714165396988392e-05 1.196302939206361771e-02
-4.874553997069597244e-05 1.064539328217506409e-02
-5.212011819821782410e-05 9.381712414324283600e-03
-5.541732025449164212e-05 8.169576525688171387e-03
-5.918296665186062455e-05 7.006512489169836044e-03
-6.289796874625608325e-05 5.890393164008855820e-03
-6.650691648246720433e-05 4.819081630557775497e-03
-6.997642049100250006e-05 3.790547372773289680e-03
-7.328734500333666801e-05 2.802856033667922020e-03
-7.643000571988523006e-05 1.854165224358439445e-03
-7.940104842418804765e-05 9.427195182070136070e-04
-8.220130257541313767e-05 6.684454274363815784e-05
-8.483427518513053656e-05 -7.750560762360692024e-04
-8.730511035537347198e-05 -1.584504614584147930e-03
-8.992123912321403623e-05 -2.362997503951191902e-03
-9.199399210046976805e-05 -3.111798549070954323e-03
-9.395203232998028398e-05 -3.832322312518954277e-03
-9.579412289895117283e-05 -4.525817465037107468e-03
-9.752056212164461613e-05 -5.193480290472507477e-03
-9.913332178257405758e-05 -5.836452823132276535e-03
-1.006354505079798400e-04 -6.455826573073863983e-03
-1.020306444843299687e-04 -7.052643224596977234e-03
-1.033228836604394019e-04 -7.627895567566156387e-03
-1.045162571244873106e-04 -8.182530291378498077e-03
-1.056148612406104803e-04 -8.717451244592666626e-03
-1.066226832335814834e-04 -9.233518503606319427e-03
-1.075435866368934512e-04 -9.731555357575416565e-03
-1.083812821889296174e-04 -1.021234411746263504e-02
-1.091392623493447900e-04 -1.067663077265024185e-02
-1.098208595067262650e-04 -1.112512871623039246e-02
-1.104292168747633696e-04 -1.155851688235998154e-02
-1.109673030441626906e-04 -1.197744254022836685e-02
-1.114379047066904604e-04 -1.238252501934766769e-02
-1.118436484830453992e-04 -1.277435012161731720e-02
-1.121869936469011009e-04 -1.315348129719495773e-02
-1.124702830566093326e-04 -1.352045405656099319e-02
-1.126956922234967351e-04 -1.387577783316373825e-02
-1.128652802435681224e-04 -1.421993970870971680e-02
-1.129809970734640956e-04 -1.455340348184108734e-02
-1.130446544266305864e-04 -1.487661246210336685e-02
-1.130579839809797704e-04 -1.518998760730028152e-02
-1.130226082750596106e-04 -1.549393031746149063e-02
-1.129400552599690855e-04 -1.578882522881031036e-02
-1.128117946791462600e-04 -1.607503928244113922e-02
-1.126391725847497582e-04 -1.635291613638401031e-02
-1.124234913731925189e-04 -1.662278920412063599e-02
-1.121659952332265675e-04 -1.688498072326183319e-02
-1.118678628699854016e-04 -1.713978312909603119e-02
-1.115301565732806921e-04 -1.738749258220195770e-02
-1.111539677367545664e-04 -1.762837730348110199e-02
-1.107402786146849394e-04 -1.786270178854465485e-02
-1.102900569094344974e-04 -1.809071190655231476e-02
-1.098041902878321707e-04 -1.831264980137348175e-02
-1.092835664167068899e-04 -1.852873526513576508e-02
-1.087289856513962150e-04 -1.873918808996677399e-02
-1.081412774510681629e-04 -1.894421316683292389e-02
-1.075211839633993804e-04 -1.914400421082973480e-02
-1.068694327841512859e-04 -1.933874934911727905e-02
-1.061867224052548409e-04 -1.952862553298473358e-02
-1.054737294907681644e-04 -1.971380226314067841e-02
-1.047310943249613047e-04 -1.989443972706794739e-02
-1.039594499161466956e-04 -2.007069066166877747e-02
-1.031593856168910861e-04 -2.024270407855510712e-02
-1.023315053316764534e-04 -2.041061781346797943e-02
-1.014763547573238611e-04 -2.057456597685813904e-02
-1.005944868666119874e-04 -2.073466964066028595e-02
-9.968641097657382488e-05 -2.089105546474456787e-02
-9.875268005998805165e-05 -2.104383334517478943e-02
-9.779376705409958959e-05 -2.119311690330505371e-02
-9.681018127594143152e-05 -2.133900485932826996e-02
-9.580238111084327102e-05 -2.148159965872764587e-02
-9.477083949605002999e-05 -2.162099443376064301e-02
-9.371600754093378782e-05 -2.175727859139442444e-02
-9.263833635486662388e-05 -2.189053595066070557e-02
-9.153826249530538917e-05 -2.202085219323635101e-02
-9.041621524374932051e-05 -2.214829809963703156e-02
-8.927261660574004054e-05 -2.227295190095901489e-02
-8.810788131086155772e-05 -2.239488251507282257e-02
-8.692243136465549469e-05 -2.251415513455867767e-02
-8.571664511691778898e-05 -2.263083308935165405e-02
-8.449094457319006324e-05 -2.274497970938682556e-02
-8.324572263518348336e-05 -2.285664901137351990e-02
-8.198134310077875853e-05 -2.296589501202106476e-02
-8.069821342360228300e-05 -2.307277172803878784e-02
-7.939671922940760851e-05 -2.317732758820056915e-02
-7.807722431607544422e-05 -2.327960915863513947e-02
-7.674012158531695604e-05 -2.337966114282608032e-02
-7.538576755905523896e-05 -2.347752638161182404e-02
-7.372680556727573276e-05 -2.357322722673416138e-02
-7.242753054015338421e-05 -2.366684749722480774e-02
-7.108506542863324285e-05 -2.375838533043861389e-02
-6.970794493099674582e-05 -2.384788542985916138e-02
-6.830234633525833488e-05 -2.393537759780883789e-02
-6.687266431981697679e-05 -2.402089349925518036e-02
-6.542205665027722716e-05 -2.410446666181087494e-02
-6.395277887349948287e-05 -2.418612129986286163e-02
-6.246654083952307701e-05 -2.426588721573352814e-02
-6.096462311688810587e-05 -2.434378862380981445e-02
-5.973430234007537365e-05 -2.441985905170440674e-02
-5.811591108795255423e-05 -2.449409291148185730e-02
-5.651125320582650602e-05 -2.456653676927089691e-02
-5.491271440405398607e-05 -2.463720738887786865e-02
-5.331570355338044465e-05 -2.470612153410911560e-02
-5.171513475943356752e-05 -2.477329969406127930e-02
-5.010887980461120605e-05 -2.483875490725040436e-02
-4.849718607147224247e-05 -2.490251138806343079e-02
-4.687789987656287849e-05 -2.496457658708095551e-02
-4.525063559412956238e-05 -2.502497285604476929e-02
-4.361779065220616758e-05 -2.508370764553546906e-02
-4.197317321086302400e-05 -2.514079958200454712e-02
-4.031793287140317261e-05 -2.519626170396804810e-02
-3.865821418003179133e-05 -2.525010146200656891e-02
-3.699049557326361537e-05 -2.530233375728130341e-02
-3.531508627929724753e-05 -2.535296790301799774e-02
-3.363231371622532606e-05 -2.540201880037784576e-02
-3.194250530214048922e-05 -2.544949203729629517e-02
-3.024600118806120008e-05 -2.549539692699909210e-02
-2.854315971489995718e-05 -2.553974278271198273e-02
-2.683433194761164486e-05 -2.558254078030586243e-02
-2.511988168407697231e-05 -2.562379650771617889e-02
-2.340015998925082386e-05 -2.566351927816867828e-02
-2.167549610021524131e-05 -2.570171281695365906e-02
-1.994627200474496931e-05 -2.573838643729686737e-02
-1.821293335524387658e-05 -2.577354945242404938e-02
-1.647577482799533755e-05 -2.580720186233520508e-02
-1.473515749239595607e-05 -2.583935670554637909e-02
-1.270781831408385187e-05 -2.587001584470272064e-02
-1.133205114456359297e-05 -2.589918114244937897e-02
-9.556546501698903739e-06 -2.592686563730239868e-02
-7.787251888657920063e-06 -2.595306932926177979e-02
-5.738617346651153639e-06 -2.597780153155326843e-02
-4.063069809490116313e-06 -2.600105851888656616e-02
-2.362658051424659789e-06 -2.602284774184226990e-02
-6.451061835832661018e-07 -2.604317851364612579e-02
1.084122004613163881e-06 -2.606205083429813385e-02
2.821134557962068357e-06 -2.607947029173374176e-02
4.563117727229837328e-06 -2.609543688595294952e-02
6.308011052169604227e-06 -2.610995806753635406e-02
8.054271347646135837e-06 -2.612303569912910461e-02
9.800721272767987102e-06 -2.613467350602149963e-02
1.154635810962645337e-05 -2.614487521350383759e-02
1.329060614807531238e-05 -2.615364268422126770e-02
1.503272414993261918e-05 -2.616097964346408844e-02
1.677216823736671358e-05 -2.616688981652259827e-02
1.850844819273333997e-05 -2.617137692868709564e-02
2.024112109211273491e-05 -2.617444097995758057e-02
2.196976492996327579e-05 -2.617608569562435150e-02
2.341031904506962746e-05 -2.617630548775196075e-02
2.521735950722359121e-05 -2.617512829601764679e-02
2.699171091080643237e-05 -2.617253735661506653e-02
2.874206438718829304e-05 -2.616853639483451843e-02
3.047371865250170231e-05 -2.616312913596630096e-02
3.219023710698820651e-05 -2.615632116794586182e-02
3.389399716979824007e-05 -2.614811062812805176e-02
3.558652315405197442e-05 -2.613850310444831848e-02
3.726878276211209595e-05 -2.612750045955181122e-02
