3.032709062099456787e-01 3.490658402442932129e-01
-9.424899816513061523e-01 3.490658402442932129e-01
4.360052291303873062e-03 3.490658402442932129e-01
-1.244000673294067383e+00 3.490658402442932129e-01
-2.950196266174316406e-01 3.490658402442932129e-01
-1.550112485885620117e+00 3.490658402442932129e-01
-5.971734523773193359e-01 3.490658402442932129e-01
-1.856832861900329590e+00 3.490658402442932129e-01
-8.995364904403686523e-01 3.490658402442932129e-01
4.503528401255607605e-02 3.490658402442932129e-01
-1.202066183090209961e+00 3.490658402442932129e-01
-2.554475963115692139e-01 3.490658402442932129e-01
-1.508314013481140137e+00 3.490658402442932129e-01
-5.578553080558776855e-01 3.490658402442932129e-01
-1.815616846084594727e+00 3.490658402442932129e-01
-8.606625199317932129e-01 3.490658402442932129e-01
8.112046867609024048e-02 3.490658402442932129e-01
-1.163720846176147461e+00 3.490658402442932129e-01
-2.197792530059814453e-01 3.490658402442932129e-01
-1.469576120376586914e+00 3.490658402442932129e-01
-5.213164687156677246e-01 3.490658402442932129e-01
-1.776889801025390625e+00 3.490658104419708252e-01
-8.243883848190307617e-01 3.490658402442932129e-01
1.148258522152900696e-01 3.490658402442932129e-01
-1.127353549003601074e+00 3.490658402442932129e-01
-1.849839538335800171e-01 3.490658402442932129e-01
-1.432193040847778320e+00 3.490658104419708252e-01
-4.861634671688079834e-01 3.490658402442932129e-01
-1.738916754722595215e+00 3.490657210350036621e-01
-7.887862920761108398e-01 3.490658104419708252e-01
1.491801291704177856e-01 3.490658402442932129e-01
-1.090986847877502441e+00 3.490657806396484375e-01
-1.505324989557266235e-01 3.490658402442932129e-01
-1.394204139709472656e+00 3.490634262561798096e-01
-4.503250122070312500e-01 3.490658104419708252e-01
-1.697969794273376465e+00 2.461037486791610718e-01
-7.512856721878051758e-01 3.403556942939758301e-01
1.854301244020462036e-01 3.490648567676544189e-01
-1.050872683525085449e+00 2.607851326465606689e-01
-1.118357405066490173e-01 2.931713163852691650e-01
-1.350366115570068359e+00 1.441216617822647095e-01
-4.090692102909088135e-01 2.381221354007720947e-01
-1.653873324394226074e+00 6.807360053062438965e-02
-7.068889737129211426e-01 8.339762687683105469e-02
2.276575267314910889e-01 -2.089628726243972778e-01
-1.005562067031860352e+00 -2.615035325288772583e-02
-6.845843791961669922e-02 -2.579980492591857910e-01
-1.304359436035156250e+00 -8.500150591135025024e-02
-3.642424941062927246e-01 -2.967905700206756592e-01
-1.607114791870117188e+00 -1.226338818669319153e-01
-6.623276472091674805e-01 -3.274181187152862549e-01
-1.909556627273559570e+00 -1.479767709970474243e-01
-9.599151015281677246e-01 -3.377788066864013672e-01
-2.018507570028305054e-02 -3.490658104419708252e-01
-1.256836414337158203e+00 -3.256599605083465576e-01
-3.138241469860076904e-01 -3.490658104419708252e-01
-1.557601094245910645e+00 -3.183891475200653076e-01
-6.097261309623718262e-01 -3.490658104419708252e-01
-1.858870863914489746e+00 -3.113723099231719971e-01
-9.062227606773376465e-01 -3.490658104419708252e-01
3.536179289221763611e-02 -3.490658402442932129e-01
-1.202719569206237793e+00 -3.490657210350036621e-01
-2.578403055667877197e-01 -3.490658402442932129e-01
-1.502351880073547363e+00 -3.490656912326812744e-01
-5.527611374855041504e-01 -3.490658402442932129e-01
-1.803398489952087402e+00 -3.490657806396484375e-01
-8.488885760307312012e-01 -3.490658402442932129e-01
9.314554929733276367e-02 -3.490658104419708252e-01
-1.145187258720397949e+00 -3.490658402442932129e-01
-1.996371299028396606e-01 -3.490658104419708252e-01
-1.444066882133483887e+00 -3.490657806396484375e-01
-4.937263727188110352e-01 -3.490658402442932129e-01
-1.745279312133789062e+00 -3.490658402442932129e-01
-7.898666262626647949e-01 -3.490658402442932129e-01
1.540513485670089722e-01 -3.490658104419708252e-01
-1.086451292037963867e+00 -3.490658402442932129e-01
-1.394708454608917236e-01 -3.490658104419708252e-01
-1.385082721710205078e+00 -3.490658402442932129e-01
-4.342140257358551025e-01 -3.490658402442932129e-01
-1.686989665031433105e+00 -3.490658402442932129e-01
-7.312366366386413574e-01 -3.490658402442932129e-01
2.141081392765045166e-01 -3.490658402442932129e-01
-1.028571724891662598e+00 -3.490658402442932129e-01
-8.050894737243652344e-02 -3.490658402442932129e-01
-1.327425956726074219e+00 -3.490658402442932129e-01
-3.760284483432769775e-01 -3.490658402442932129e-01
-1.630432486534118652e+00 -3.490658402442932129e-01
-6.746140122413635254e-01 -3.490658402442932129e-01
2.709585726261138916e-01 -3.490658402442932129e-01
-9.734744429588317871e-01 -3.490658402442932129e-01
-2.518943510949611664e-02 -3.490658402442932129e-01
-1.272873640060424805e+00 -3.490658402442932129e-01
-3.219783902168273926e-01 -3.490658402442932129e-01
-1.577191472053527832e+00 -3.490658402442932129e-01
-6.220121383666992188e-01 -3.490658402442932129e-01
-1.882063031196594238e+00 -3.490658402442932129e-01
-9.225800037384033203e-01 -3.490658402442932129e-01
2.489251457154750824e-02 -3.490658402442932129e-01
-1.223227620124816895e+00 -3.490658402442932129e-01
-2.735230922698974609e-01 -3.490658402442932129e-01
-1.528283476829528809e+00 -3.490658402442932129e-01
-5.746614933013916016e-01 -3.490658402442932129e-01
-1.834388017654418945e+00 -3.490658402442932129e-01
-8.765804767608642578e-01 -3.490658402442932129e-01
6.913297623395919800e-02 -3.490658402442932129e-01
-1.178458690643310547e+00 -3.490658402442932129e-01
-2.306999415159225464e-01 -3.490658402442932129e-01
-1.483910441398620605e+00 -3.490658402442932129e-01
-5.326001644134521484e-01 -3.490658402442932129e-01
-1.790899276733398438e+00 -3.490658402442932129e-01
-8.352411985397338867e-01 -3.490658402442932129e-01
1.079453974962234497e-01 -3.490658402442932129e-01
-1.137987256050109863e+00 -3.490658402442932129e-01
-1.927988827228546143e-01 -3.490658402442932129e-01
-1.443446636199951172e+00 -3.490658402442932129e-01
-4.945885241031646729e-01 -3.490658402442932129e-01
-1.750821828842163086e+00 -3.490658402442932129e-01
-7.975416779518127441e-01 -3.490658402442932129e-01
1.427485197782516479e-01 -3.490658402442932129e-01
-1.100643396377563477e+00 -3.490658402442932129e-01
-1.578384339809417725e-01 -3.490658402442932129e-01
-1.405505418777465820e+00 -3.490658402442932129e-01
-4.588224291801452637e-01 -3.490658402442932129e-01
-1.712684750556945801e+00 -3.490658104419708252e-01
-7.618069052696228027e-01 -3.490658402442932129e-01
1.765520125627517700e-01 -3.490658402442932129e-01
-1.064607024192810059e+00 -3.490658104419708252e-01
-1.233618929982185364e-01 -3.490658402442932129e-01
-1.368224859237670898e+00 -3.490657806396484375e-01
-4.237601161003112793e-01 -3.490658402442932129e-01
-1.674641847610473633e+00 -3.490650653839111328e-01
-7.260487675666809082e-01 -3.490658104419708252e-01
2.105228751897811890e-01 -3.490657806396484375e-01
-1.027857899665832520e+00 -3.490657210350036621e-01
-8.827728033065795898e-02 -3.490657210350036621e-01
-1.328511238098144531e+00 -2.908822298049926758e-01
-3.865286409854888916e-01 -3.451433479785919189e-01
-1.632082581520080566e+00 -1.894741058349609375e-01
-6.866814494132995605e-01 -2.894883751869201660e-01
-1.935913920402526855e+00 -1.173148751258850098e-01
-9.851549863815307617e-01 -1.692453771829605103e-01
-4.739312455058097839e-02 -2.282429188489913940e-01
-1.283933401107788086e+00 -6.608006358146667480e-02
-3.439897596836090088e-01 -1.780198961496353149e-01
-1.587059497833251953e+00 -6.931655807420611382e-04
-6.408676505088806152e-01 8.063525706529617310e-02
-1.890157938003540039e+00 4.458927735686302185e-02
-9.395915269851684570e-01 1.425552666187286377e-01
-2.596376230940222740e-03 3.274876773357391357e-01
-1.237869024276733398e+00 1.768577545881271362e-01
-2.979614436626434326e-01 3.490651249885559082e-01
-1.539342284202575684e+00 1.986335217952728271e-01
-5.947345495223999023e-01 3.490657508373260498e-01
-1.841370224952697754e+00 2.124254852533340454e-01
-8.916298747062683105e-01 3.490657210350036621e-01
4.863568395376205444e-02 3.490658402442932129e-01
-1.188444733619689941e+00 3.490657210350036621e-01
-2.448904812335968018e-01 3.490658402442932129e-01
-1.488085150718688965e+00 3.490656614303588867e-01
-5.399346947669982910e-01 3.490658104419708252e-01
-1.789243698120117188e+00 3.490655720233917236e-01
-8.362434506416320801e-01 3.490658104419708252e-01
1.049964353442192078e-01 3.490658402442932129e-01
-1.132577300071716309e+00 3.490658104419708252e-01
-1.878599673509597778e-01 3.490658402442932129e-01
-1.431118488311767578e+00 3.490658104419708252e-01
-4.819650352001190186e-01 3.490658402442932129e-01
-1.732149481773376465e+00 3.490658104419708252e-01
-7.780072689056396484e-01 3.490658402442932129e-01
1.642886847257614136e-01 3.490658402442932129e-01
-1.074329733848571777e+00 3.490658402442932129e-01
-1.287849098443984985e-01 3.490658402442932129e-01
-1.372273921966552734e+00 3.490658402442932129e-01
-4.226924479007720947e-01 3.490658402442932129e-01
-1.673666954040527344e+00 3.490658402442932129e-01
-7.188436985015869141e-01 3.490658104419708252e-01
2.252656966447830200e-01 3.490658402442932129e-01
-1.015588641166687012e+00 3.490658104419708252e-01
-6.854881346225738525e-02 3.490658402442932129e-01
-1.313460111618041992e+00 3.490658402442932129e-01
-3.630017638206481934e-01 3.490658104419708252e-01
-1.615681409835815430e+00 3.490658402442932129e-01
-6.606808304786682129e-01 3.490658104419708252e-01
2.845000326633453369e-01 3.490658104419708252e-01
-9.584497809410095215e-01 3.490658104419708252e-01
-1.060987450182437897e-02 3.490658104419708252e-01
-1.256845712661743164e+00 3.490658104419708252e-01
-3.063107430934906006e-01 3.490658104419708252e-01
-1.560103774070739746e+00 3.490658104419708252e-01
-6.051318049430847168e-01 3.490658104419708252e-01
-1.864117383956909180e+00 3.490658402442932129e-01
-9.047162532806396484e-01 3.490658104419708252e-01
4.302475973963737488e-02 3.490658104419708252e-01
-1.204405188560485840e+00 3.490658402442932129e-01
-2.543469965457916260e-01 3.490658104419708252e-01
-1.508331656455993652e+00 3.490658402442932129e-01
-5.543109774589538574e-01 3.490658104419708252e-01
-1.813626646995544434e+00 3.490658402442932129e-01
-8.555163145065307617e-01 3.490658104419708252e-01
9.101361781358718872e-02 3.490658104419708252e-01
