2.708529531955718994e-01 3.490658402442932129e-01
-9.861413240432739258e-01 3.490658402442932129e-01
-3.039995208382606506e-02 3.490658402442932129e-01
-1.291949748992919922e+00 3.490658402442932129e-01
-3.321277797222137451e-01 3.490658402442932129e-01
-1.600920915603637695e+00 3.490658402442932129e-01
-6.358797550201416016e-01 3.490658402442932129e-01
-1.914987802505493164e+00 3.490658402442932129e-01
-9.425536394119262695e-01 3.490658402442932129e-01
1.061541680246591568e-02 3.490658402442932129e-01
-1.249400138854980469e+00 3.490658402442932129e-01
-2.922274768352508545e-01 3.490658402442932129e-01
-1.558077335357666016e+00 3.490658402442932129e-01
-5.959575772285461426e-01 3.490658402442932129e-01
-1.872751593589782715e+00 3.490658402442932129e-01
-9.030829071998596191e-01 3.490658402442932129e-01
4.701996594667434692e-02 3.490658402442932129e-01
-1.210477828979492188e+00 3.490658402442932129e-01
-2.562652528285980225e-01 3.490658402442932129e-01
-1.518344879150390625e+00 3.490658402442932129e-01
-5.588228106498718262e-01 3.490658402442932129e-01
-1.833049654960632324e+00 3.490658104419708252e-01
-8.662360906600952148e-01 3.490658402442932129e-01
8.101300895214080811e-02 3.490658402442932129e-01
-1.173554062843322754e+00 3.490658402442932129e-01
-2.211535871028900146e-01 3.490658402442932129e-01
-1.480594396591186523e+00 3.490658104419708252e-01
-5.235875844955444336e-01 3.490658402442932129e-01
-1.794114470481872559e+00 3.490656912326812744e-01
-8.300704956054687500e-01 3.490658104419708252e-01
1.156982332468032837e-01 3.490657806396484375e-01
-1.136631608009338379e+00 3.490656316280364990e-01
-1.864040642976760864e-01 3.490658402442932129e-01
-1.442690491676330566e+00 3.490633666515350342e-01
-4.878681302070617676e-01 3.490656912326812744e-01
-1.752131223678588867e+00 2.457149028778076172e-01
-7.919914126396179199e-01 3.405281901359558105e-01
1.522644460201263428e-01 3.490649163722991943e-01
-1.095917344093322754e+00 2.611089944839477539e-01
-1.473790407180786133e-01 2.933962941169738770e-01
-1.398915290832519531e+00 1.440876424312591553e-01
-4.467160999774932861e-01 2.382029592990875244e-01
-1.706941843032836914e+00 6.798537075519561768e-02
-7.469223737716674805e-01 8.410903811454772949e-02
1.948498636484146118e-01 -2.087935507297515869e-01
-1.049925446510314941e+00 -2.615086920559406281e-02
-1.036413013935089111e-01 -2.579685151576995850e-01
-1.352940917015075684e+00 -8.495283126831054688e-02
-4.018002450466156006e-01 -2.968098819255828857e-01
-1.659038782119750977e+00 -1.224884465336799622e-01
-7.017106413841247559e-01 -3.274496793746948242e-01
-1.968832612037658691e+00 -1.476213932037353516e-01
-1.003638029098510742e+00 -3.384130001068115234e-01
-5.499498173594474792e-02 -3.490657508373260498e-01
-1.304856181144714355e+00 -3.255717158317565918e-01
-3.509839177131652832e-01 -3.490658104419708252e-01
-1.608335614204406738e+00 -3.181096315383911133e-01
-6.483604311943054199e-01 -3.490658104419708252e-01
-1.916919946670532227e+00 -3.106760978698730469e-01
-9.491651654243469238e-01 -3.490658104419708252e-01
9.907491039484739304e-04 -3.490658402442932129e-01
-1.249966263771057129e+00 -3.490658104419708252e-01
-2.945629060268402100e-01 -3.490658402442932129e-01
-1.551785945892333984e+00 -3.490658104419708252e-01
-5.906131267547607422e-01 -3.490658402442932129e-01
-1.860138773918151855e+00 -3.490657806396484375e-01
-8.910368084907531738e-01 -3.490657806396484375e-01
5.920571833848953247e-02 -3.490658402442932129e-01
-1.191627025604248047e+00 -3.490658402442932129e-01
-2.359335571527481079e-01 -3.490658402442932129e-01
-1.492458462715148926e+00 -3.490658402442932129e-01
-5.311105847358703613e-01 -3.490658402442932129e-01
-1.800656437873840332e+00 -3.490658402442932129e-01
-8.312177062034606934e-01 -3.490658402442932129e-01
1.205510348081588745e-01 -3.490658402442932129e-01
-1.132080912590026855e+00 -3.490658402442932129e-01
-1.753069311380386353e-01 -3.490658402442932129e-01
-1.433404922485351562e+00 -3.490658402442932129e-01
-4.716049134731292725e-01 -3.490658402442932129e-01
-1.741012930870056152e+00 -3.490658402442932129e-01
-7.718062996864318848e-01 -3.490658402442932129e-01
1.810381710529327393e-01 -3.490658402442932129e-01
-1.073409318923950195e+00 -3.490658402442932129e-01
-1.159103363752365112e-01 -3.490658402442932129e-01
-1.375689983367919922e+00 -3.490658402442932129e-01
-4.134454727172851562e-01 -3.490658402442932129e-01
-1.683143854141235352e+00 -3.490658402442932129e-01
-7.144181728363037109e-01 -3.490658402442932129e-01
2.383014708757400513e-01 -3.490658402442932129e-01
-1.017555594444274902e+00 -3.490658402442932129e-01
-6.017796695232391357e-02 -3.490658402442932129e-01
-1.321104645729064941e+00 -3.490658402442932129e-01
-3.593008816242218018e-01 -3.490658402442932129e-01
-1.628656983375549316e+00 -3.490658402442932129e-01
-6.610919237136840820e-01 -3.490658402442932129e-01
-1.940835714340209961e+00 -3.490658402442932129e-01
-9.659499526023864746e-01 -3.490658402442932129e-01
-9.710631333291530609e-03 -3.490658402442932129e-01
-1.270883917808532715e+00 -3.490658402442932129e-01
-3.104673624038696289e-01 -3.490658402442932129e-01
-1.578581929206848145e+00 -3.490658402442932129e-01
-6.130635738372802734e-01 -3.490658402442932129e-01
-1.892016172409057617e+00 -3.490658402442932129e-01
-9.192869663238525391e-01 -3.490658402442932129e-01
3.488722816109657288e-02 -3.490658402442932129e-01
-1.225467562675476074e+00 -3.490658402442932129e-01
-2.672975063323974609e-01 -3.490658402442932129e-01
-1.533119201660156250e+00 -3.490658402442932129e-01
-5.703686475753784180e-01 -3.490658402442932129e-01
-1.847462773323059082e+00 -3.490658104419708252e-01
-8.773266077041625977e-01 -3.490658402442932129e-01
7.403247058391571045e-02 -3.490658402442932129e-01
-1.184394717216491699e+00 -3.490658402442932129e-01
-2.290757149457931519e-01 -3.490658402442932129e-01
-1.491709589958190918e+00 -3.490658402442932129e-01
-5.318812727928161621e-01 -3.490658402442932129e-01
-1.806383132934570312e+00 -3.490657806396484375e-01
-8.390383124351501465e-01 -3.490658402442932129e-01
1.091509088873863220e-01 -3.490658402442932129e-01
-1.146481990814208984e+00 -3.490658402442932129e-01
-1.938202530145645142e-01 -3.490658402442932129e-01
-1.453859806060791016e+00 -3.490658402442932129e-01
-4.962412118911743164e-01 -3.490658402442932129e-01
-1.767278313636779785e+00 -3.490658104419708252e-01
-8.027335405349731445e-01 -3.490658402442932129e-01
1.432553827762603760e-01 -3.490658402442932129e-01
-1.109890103340148926e+00 -3.490658104419708252e-01
-1.590290367603302002e-01 -3.490658402442932129e-01
-1.416671991348266602e+00 -3.490657806396484375e-01
-4.613050222396850586e-01 -3.490658402442932129e-01
-1.728268980979919434e+00 -3.490650355815887451e-01
-7.664106488227844238e-01 -3.490657210350036621e-01
1.775414347648620605e-01 -3.490657806396484375e-01
-1.072579979896545410e+00 -3.490657210350036621e-01
-1.236414834856987000e-01 -3.490657210350036621e-01
-1.377034068107604980e+00 -2.907952070236206055e-01
-4.241902828216552734e-01 -3.454016745090484619e-01
-1.684635996818542480e+00 -1.892396062612533569e-01
-7.264368534088134766e-01 -2.896107733249664307e-01
-1.995838999748229980e+00 -1.170209050178527832e-01
-1.029235601425170898e+00 -1.695834696292877197e-01
-8.241233229637145996e-02 -2.283367067575454712e-01
-1.332343816757202148e+00 -6.607294082641601562e-02
-3.813850879669189453e-01 -1.780089884996414185e-01
-1.638499021530151367e+00 -7.005707593634724617e-04
-6.799347400665283203e-01 8.124110847711563110e-02
-1.948963761329650879e+00 4.448527842760086060e-02
-9.829986095428466797e-01 1.428290158510208130e-01
-3.725367411971092224e-02 3.276245296001434326e-01
-1.285608172416687012e+00 1.768176704645156860e-01
-3.349898755550384521e-01 3.490651249885559082e-01
-1.589621663093566895e+00 1.984771341085433960e-01
-6.331439018249511719e-01 3.490655720233917236e-01
-1.898989796638488770e+00 2.119639813899993896e-01
-9.343503117561340332e-01 3.490657210350036621e-01
1.438206061720848083e-02 3.490658402442932129e-01
-1.235476016998291016e+00 3.490657210350036621e-01
-2.814985513687133789e-01 3.490658402442932129e-01
-1.537147164344787598e+00 3.490656614303588867e-01
-5.775683522224426270e-01 3.490658104419708252e-01
-1.845622062683105469e+00 3.490655720233917236e-01
-8.781820535659790039e-01 3.490658104419708252e-01
7.116147875785827637e-02 3.490658402442932129e-01
-1.178815960884094238e+00 3.490658104419708252e-01
-2.240355908870697021e-01 3.490658402442932129e-01
-1.479565739631652832e+00 3.490658104419708252e-01
-5.194133520126342773e-01 3.490658402442932129e-01
-1.787179112434387207e+00 3.490658104419708252e-01
-8.191503286361694336e-01 3.490658402442932129e-01
1.308993697166442871e-01 3.490658402442932129e-01
-1.119759678840637207e+00 3.490658402442932129e-01
-1.645144820213317871e-01 3.490658402442932129e-01
-1.420653939247131348e+00 3.490658402442932129e-01
-4.601608514785766602e-01 3.490658402442932129e-01
-1.727334737777709961e+00 3.490658402442932129e-01
-7.591965794563293457e-01 3.490658402442932129e-01
1.923123151063919067e-01 3.490658402442932129e-01
-1.060214757919311523e+00 3.490658402442932129e-01
-1.038359925150871277e-01 3.490658402442932129e-01
-1.361773729324340820e+00 3.490658402442932129e-01
-4.004772603511810303e-01 3.490658402442932129e-01
-1.668008327484130859e+00 3.490658402442932129e-01
-7.002558708190917969e-01 3.490658402442932129e-01
2.519702017307281494e-01 3.490658104419708252e-01
-1.002297282218933105e+00 3.490658402442932129e-01
-4.547046497464179993e-02 3.490658402442932129e-01
-1.304965615272521973e+00 3.490658402442932129e-01
-3.435027301311492920e-01 3.490658402442932129e-01
-1.611142039299011230e+00 3.490658402442932129e-01
-6.439560055732727051e-01 3.490658402442932129e-01
-1.922451972961425781e+00 3.490658402442932129e-01
-9.478245973587036133e-01 3.490658402442932129e-01
8.567030541598796844e-03 3.490658402442932129e-01
-1.251790881156921387e+00 3.490658402442932129e-01
-2.911406755447387695e-01 3.490658402442932129e-01
-1.558153033256530762e+00 3.490658402442932129e-01
-5.924276113510131836e-01 3.490658402442932129e-01
-1.870761394500732422e+00 3.490658402442932129e-01
-8.979319930076599121e-01 3.490658402442932129e-01
5.693086236715316772e-02 3.490658402442932129e-01
