2.505340576171875000e-01 3.490658402442932129e-01
-1.012793779373168945e+00 3.490658402442932129e-01
-5.047180876135826111e-02 3.490658402442932129e-01
-1.321761727333068848e+00 3.490658402442932129e-01
-3.557921946048736572e-01 3.490658402442932129e-01
-1.635924816131591797e+00 3.490658402442932129e-01
-6.626093387603759766e-01 3.490658402442932129e-01
-1.950427889823913574e+00 3.490658104419708252e-01
-9.692335128784179688e-01 3.490658402442932129e-01
-9.510268457233905792e-03 3.490658402442932129e-01
-1.278049468994140625e+00 3.490658402442932129e-01
-3.151913881301879883e-01 3.490658402442932129e-01
-1.593054175376892090e+00 3.490658402442932129e-01
-6.227186918258666992e-01 3.490658402442932129e-01
-1.908172845840454102e+00 3.490658402442932129e-01
-9.298056960105895996e-01 3.490658402442932129e-01
2.683101780712604523e-02 3.490658402442932129e-01
-1.238010883331298828e+00 3.490658402442932129e-01
-2.785525619983673096e-01 3.490658402442932129e-01
-1.553310871124267578e+00 3.490658402442932129e-01
-5.856315493583679199e-01 3.490658402442932129e-01
-1.868466973304748535e+00 3.490658104419708252e-01
-8.930097222328186035e-01 3.490658402442932129e-01
6.074890494346618652e-02 3.490658402442932129e-01
-1.200293898582458496e+00 3.490658402442932129e-01
-2.427545934915542603e-01 3.490658402442932129e-01
-1.514949440956115723e+00 3.490658104419708252e-01
-5.499474406242370605e-01 3.490658402442932129e-01
-1.829529643058776855e+00 3.490656912326812744e-01
-8.568935394287109375e-01 3.490658104419708252e-01
9.537280350923538208e-02 3.490658402442932129e-01
-1.163421750068664551e+00 3.490657806396484375e-01
-2.073458135128021240e-01 3.490658402442932129e-01
-1.475966572761535645e+00 3.490627408027648926e-01
-5.135764479637145996e-01 3.490658104419708252e-01
-1.787521839141845703e+00 2.451853454113006592e-01
-8.188558816909790039e-01 3.405620157718658447e-01
1.318791657686233521e-01 3.490655124187469482e-01
-1.122744560241699219e+00 2.609907090663909912e-01
-1.676217913627624512e-01 2.934986352920532227e-01
-1.430975556373596191e+00 1.437846422195434570e-01
-4.717089533805847168e-01 2.382298260927200317e-01
-1.742302060127258301e+00 6.782528758049011230e-02
-7.738112807273864746e-01 8.397416770458221436e-02
1.744193881750106812e-01 -2.087279707193374634e-01
-1.076778411865234375e+00 -2.613514102995395660e-02
-1.238343343138694763e-01 -2.579485774040222168e-01
-1.383776307106018066e+00 -8.481720834970474243e-02
-4.260608851909637451e-01 -2.967819869518280029e-01
-1.694336771965026855e+00 -1.222163960337638855e-01
-7.286079525947570801e-01 -3.273987472057342529e-01
-2.004574060440063477e+00 -1.473615616559982300e-01
-1.030489683151245117e+00 -3.382072150707244873e-01
-7.522898912429809570e-02 -3.490658104419708252e-01
-1.334458947181701660e+00 -3.251391351222991943e-01
-3.744505941867828369e-01 -3.490658104419708252e-01
-1.643536448478698730e+00 -3.173523247241973877e-01
-6.752513647079467773e-01 -3.490658104419708252e-01
-1.952558755874633789e+00 -3.101037144660949707e-01
-9.760082364082336426e-01 -3.490658104419708252e-01
-1.926539465785026550e-02 -3.490658402442932129e-01
-1.278211832046508789e+00 -3.490658104419708252e-01
-3.172000646591186523e-01 -3.490658402442932129e-01
-1.586887121200561523e+00 -3.490658104419708252e-01
-6.174812316894531250e-01 -3.490658402442932129e-01
-1.895665884017944336e+00 -3.490657806396484375e-01
-9.178512096405029297e-01 -3.490658402442932129e-01
3.894079476594924927e-02 -3.490658402442932129e-01
-1.218472599983215332e+00 -3.490658402442932129e-01
-2.577619254589080811e-01 -3.490658402442932129e-01
-1.527124166488647461e+00 -3.490658402442932129e-01
-5.576342344284057617e-01 -3.490658402442932129e-01
-1.836048126220703125e+00 -3.490658402442932129e-01
-8.579953312873840332e-01 -3.490658402442932129e-01
1.002763956785202026e-01 -3.490658402442932129e-01
-1.158799648284912109e+00 -3.490658402442932129e-01
-1.963072270154953003e-01 -3.490658402442932129e-01
-1.466660857200622559e+00 -3.490658402442932129e-01
-4.973080754280090332e-01 -3.490658402442932129e-01
-1.776269078254699707e+00 -3.490658402442932129e-01
-7.985480427742004395e-01 -3.490658402442932129e-01
1.607519835233688354e-01 -3.490658402442932129e-01
-1.100092053413391113e+00 -3.490658402442932129e-01
-1.360972225666046143e-01 -3.490658402442932129e-01
-1.407567858695983887e+00 -3.490658402442932129e-01
-4.383321702480316162e-01 -3.490658402442932129e-01
-1.718277692794799805e+00 -3.490658402442932129e-01
-7.411403059959411621e-01 -3.490658402442932129e-01
2.179964631795883179e-01 -3.490658402442932129e-01
-1.044214606285095215e+00 -3.490658402442932129e-01
-8.023083209991455078e-02 -3.490658402442932129e-01
-1.351655840873718262e+00 -3.490658402442932129e-01
-3.834004104137420654e-01 -3.490658402442932129e-01
-1.663691520690917969e+00 -3.490658402442932129e-01
-6.878056526184082031e-01 -3.490658402442932129e-01
-1.976292729377746582e+00 -3.490658402442932129e-01
-9.926036596298217773e-01 -3.490658402442932129e-01
-2.979592978954315186e-02 -3.490658402442932129e-01
-1.300171136856079102e+00 -3.490658402442932129e-01
-3.338135182857513428e-01 -3.490658402442932129e-01
-1.613545417785644531e+00 -3.490658402442932129e-01
-6.397867798805236816e-01 -3.490658402442932129e-01
-1.927410006523132324e+00 -3.490658402442932129e-01
-9.459556937217712402e-01 -3.490658402442932129e-01
1.475611235946416855e-02 -3.490658402442932129e-01
-1.253554105758666992e+00 -3.490658402442932129e-01
-2.899235785007476807e-01 -3.490658402442932129e-01
-1.568039774894714355e+00 -3.490658402442932129e-01
-5.971183776855468750e-01 -3.490658402442932129e-01
-1.882822275161743164e+00 -3.490658402442932129e-01
-9.040288925170898438e-01 -3.490658402442932129e-01
5.384384468197822571e-02 -3.490658402442932129e-01
-1.211334943771362305e+00 -3.490658402442932129e-01
-2.510091066360473633e-01 -3.490658402442932129e-01
-1.526529788970947266e+00 -3.490658402442932129e-01
-5.585464239120483398e-01 -3.490658402442932129e-01
-1.841730237007141113e+00 -3.490658402442932129e-01
-8.657869696617126465e-01 -3.490658402442932129e-01
8.889712393283843994e-02 -3.490658402442932129e-01
-1.173194646835327148e+00 -3.490658402442932129e-01
-2.150758206844329834e-01 -3.490658402442932129e-01
-1.487595438957214355e+00 -3.490658402442932129e-01
-5.222363471984863281e-01 -3.490658402442932129e-01
-1.802623033523559570e+00 -3.490658104419708252e-01
-8.295332789421081543e-01 -3.490658402442932129e-01
1.229287013411521912e-01 -3.490658402442932129e-01
-1.136656284332275391e+00 -3.490658104419708252e-01
-1.796018630266189575e-01 -3.490658402442932129e-01
-1.449333548545837402e+00 -3.490657806396484375e-01
-4.866426289081573486e-01 -3.490658402442932129e-01
-1.763607978820800781e+00 -3.490649759769439697e-01
-7.932563424110412598e-01 -3.490658104419708252e-01
1.571551263332366943e-01 -3.490658402442932129e-01
-1.099392533302307129e+00 -3.490657210350036621e-01
-1.437939703464508057e-01 -3.490658104419708252e-01
-1.408564329147338867e+00 -2.902329564094543457e-01
-4.488611519336700439e-01 -3.454764485359191895e-01
-1.719944715499877930e+00 -1.888031810522079468e-01
-7.533186674118041992e-01 -2.896336317062377930e-01
-2.031604528427124023e+00 -1.168090105056762695e-01
-1.056080937385559082e+00 -1.694891154766082764e-01
-1.026190295815467834e-01 -2.283827066421508789e-01
-1.362657308578491211e+00 -6.596202403306961060e-02
-4.053237140178680420e-01 -1.780123561620712280e-01
-1.673766732215881348e+00 -6.874568643979728222e-04
-7.068362236022949219e-01 8.111042529344558716e-02
-1.984679818153381348e+00 4.441001638770103455e-02
-1.009860873222351074e+00 1.427359730005264282e-01
-5.750172957777976990e-02 3.276732265949249268e-01
-1.314692497253417969e+00 1.766131222248077393e-01
-3.581900000572204590e-01 3.490656018257141113e-01
-1.624814152717590332e+00 1.980001330375671387e-01
-6.600468158721923828e-01 3.490657508373260498e-01
-1.934623479843139648e+00 2.115697860717773438e-01
-9.612103104591369629e-01 3.490657210350036621e-01
-5.900515709072351456e-03 3.490658402442932129e-01
-1.263299345970153809e+00 3.490657210350036621e-01
-3.038766086101531982e-01 3.490658402442932129e-01
-1.572249412536621094e+00 3.490656614303588867e-01
-6.044595837593078613e-01 3.490658104419708252e-01
-1.881155967712402344e+00 3.490655720233917236e-01
-9.050233960151672363e-01 3.490658104419708252e-01
5.085760354995727539e-02 3.490658402442932129e-01
-1.205605149269104004e+00 3.490658104419708252e-01
-2.455925643444061279e-01 3.490658402442932129e-01
-1.513829708099365234e+00 3.490658104419708252e-01
-5.456822514533996582e-01 3.490658402442932129e-01
-1.822585463523864746e+00 3.490658104419708252e-01
-8.459593653678894043e-01 3.490658402442932129e-01
1.105903312563896179e-01 3.490658402442932129e-01
-1.146511793136596680e+00 3.490658402442932129e-01
-1.852582842111587524e-01 3.490658402442932129e-01
-1.453504323959350586e+00 3.490658402442932129e-01
-4.856065809726715088e-01 3.490658402442932129e-01
-1.762604713439941406e+00 3.490658402442932129e-01
-7.859683036804199219e-01 3.490658402442932129e-01
1.719932258129119873e-01 3.490658402442932129e-01
-1.086927533149719238e+00 3.490658402442932129e-01
-1.239019781351089478e-01 3.490658402442932129e-01
-1.393225193023681641e+00 3.490658402442932129e-01
-4.250993132591247559e-01 3.490658402442932129e-01
-1.703146815299987793e+00 3.490658402442932129e-01
-7.270002365112304688e-01 3.490658402442932129e-01
2.316371798515319824e-01 3.490658402442932129e-01
-1.028977870941162109e+00 3.490658402442932129e-01
-6.555019319057464600e-02 3.490658402442932129e-01
-1.335058212280273438e+00 3.490658402442932129e-01
-3.673192560672760010e-01 3.490658402442932129e-01
-1.646166086196899414e+00 3.490658402442932129e-01
-6.706820130348205566e-01 3.490658402442932129e-01
-1.957894682884216309e+00 3.490657806396484375e-01
-9.744879007339477539e-01 3.490658402442932129e-01
-1.153716258704662323e-02 3.490658402442932129e-01
-1.280579328536987305e+00 3.490658402442932129e-01
-3.141826391220092773e-01 3.490658402442932129e-01
-1.593087792396545410e+00 3.490658402442932129e-01
-6.191516518592834473e-01 3.490658402442932129e-01
-1.906121134757995605e+00 3.490658402442932129e-01
-9.245991110801696777e-01 3.490658402442932129e-01
3.678929433226585388e-02 3.490658402442932129e-01
