2.335260629653930664e+00 3.142374157905578613e-01
1.610190629959106445e+00 2.590575218200683594e-01
2.167834520339965820e+00 3.033164739608764648e-01
1.429017305374145508e+00 2.341979444026947021e-01
1.994849562644958496e+00 2.890458703041076660e-01
1.247465968132019043e+00 2.038861960172653198e-01
1.817838311195373535e+00 2.707339823246002197e-01
1.064696550369262695e+00 1.681875437498092651e-01
1.638063549995422363e+00 2.477763146162033081e-01
2.194422245025634766e+00 2.938740849494934082e-01
1.456443548202514648e+00 2.197191864252090454e-01
2.021901607513427734e+00 2.760869264602661133e-01
1.274154186248779297e+00 1.865024119615554810e-01
1.844947338104248047e+00 2.537575364112854004e-01
1.090983748435974121e+00 1.487106531858444214e-01
1.664892554283142090e+00 2.266148179769515991e-01
2.220735549926757812e+00 2.754061222076416016e-01
1.482674717903137207e+00 1.947281658649444580e-01
2.048663139343261719e+00 2.523912191390991211e-01
1.299435019493103027e+00 1.586431562900543213e-01
1.871695637702941895e+00 2.246464043855667114e-01
1.115789651870727539e+00 1.195330098271369934e-01
1.691257476806640625e+00 1.925387531518936157e-01
2.247080087661743164e+00 2.427682578563690186e-01
1.508386492729187012e+00 1.569215059280395508e-01
2.075633287429809570e+00 2.128751426935195923e-01
1.324148297309875488e+00 1.189969852566719055e-01
1.898686647415161133e+00 1.790159344673156738e-01
1.139758229255676270e+00 8.035124838352203369e-02
1.717875957489013672e+00 1.424333900213241577e-01
2.273861885070800781e+00 1.889499872922897339e-01
1.534380435943603516e+00 1.047523170709609985e-01
2.103190660476684570e+00 1.520580798387527466e-01
1.349225878715515137e+00 6.751000136137008667e-02
1.926577448844909668e+00 1.136180460453033447e-01
1.163750290870666504e+00 3.219107538461685181e-02
1.745478630065917969e+00 7.551380991935729980e-02
2.301454305648803711e+00 1.088678389787673950e-01
1.561464190483093262e+00 3.949080407619476318e-02
2.131711006164550781e+00 6.867782771587371826e-02
1.375538229942321777e+00 6.745347753167152405e-03
1.955705761909484863e+00 3.071199916303157806e-02
1.189005851745605469e+00 -2.193916216492652893e-02
1.774662256240844727e+00 -3.527854569256305695e-03
2.330128669738769531e+00 7.500746753066778183e-03
1.590250730514526367e+00 -3.308223187923431396e-02
2.161475181579589844e+00 -2.834887616336345673e-02
1.403737306594848633e+00 -5.762581527233123779e-02
1.986223697662353516e+00 -5.899905040860176086e-02
1.216365814208984375e+00 -7.715789973735809326e-02
1.805622935295104980e+00 -8.415005356073379517e-02
1.029495239257812500e+00 -9.177359938621520996e-02
1.621065497398376465e+00 -1.038681194186210632e-01
2.192517518997192383e+00 -1.211939677596092224e-01
1.434144139289855957e+00 -1.183833032846450806e-01
2.018177747726440430e+00 -1.405036002397537231e-01
1.246124505996704102e+00 -1.282282024621963501e-01
1.838149547576904297e+00 -1.547535657882690430e-01
1.058229804039001465e+00 -1.337612122297286987e-01
1.653851985931396484e+00 -1.643750816583633423e-01
2.224643945693969727e+00 -1.946818381547927856e-01
1.466699957847595215e+00 -1.696886718273162842e-01
2.051294088363647461e+00 -2.035142928361892700e-01
1.278134226799011230e+00 -1.712049096822738647e-01
1.871942639350891113e+00 -2.086730450391769409e-01
1.089287877082824707e+00 -1.691624224185943604e-01
1.688017725944519043e+00 -2.104141265153884888e-01
2.257424354553222656e+00 -2.446881979703903198e-01
1.500923156738281250e+00 -2.088833898305892944e-01
2.085071086883544922e+00 -2.464143782854080200e-01
1.311836361885070801e+00 -2.042774111032485962e-01
1.906453609466552734e+00 -2.455712556838989258e-01
1.122090935707092285e+00 -1.966017037630081177e-01
1.722904801368713379e+00 -2.421980202198028564e-01
2.290240287780761719e+00 -2.753221690654754639e-01
1.535890102386474609e+00 -2.361865788698196411e-01
2.118854284286499023e+00 -2.729439139366149902e-01
1.346430778503417969e+00 -2.274469286203384399e-01
1.940915703773498535e+00 -2.685860693454742432e-01
1.155810952186584473e+00 -2.158324867486953735e-01
1.757709741592407227e+00 -2.620978653430938721e-01
2.322373628616333008e+00 -2.924805879592895508e-01
1.570709586143493652e+00 -2.532069683074951172e-01
2.151893615722656250e+00 -2.877441048622131348e-01
1.380980253219604492e+00 -2.416338473558425903e-01
1.974554300308227539e+00 -2.812153100967407227e-01
1.189545392990112305e+00 -2.271684259176254272e-01
1.791625499725341797e+00 -2.726117968559265137e-01
2.353171348571777344e+00 -3.005687296390533447e-01
1.604562401771545410e+00 -2.615774869918823242e-01
2.183495283126831055e+00 -2.941353917121887207e-01
1.414562106132507324e+00 -2.477424442768096924e-01
2.006672859191894531e+00 -2.858362197875976562e-01
1.222462534904479980e+00 -2.309010773897171021e-01
1.823956012725830078e+00 -2.753133475780487061e-01
1.030308842658996582e+00 -2.108113169670104980e-01
1.636829257011413574e+00 -2.621867060661315918e-01
2.213154315948486328e+00 -2.936025261878967285e-01
1.446534395217895508e+00 -2.460794001817703247e-01
2.036796808242797852e+00 -2.832624316215515137e-01
1.253940224647521973e+00 -2.268776148557662964e-01
1.854280948638916016e+00 -2.704310119152069092e-01
1.061050891876220703e+00 -2.045088112354278564e-01
1.667092919349670410e+00 -2.547707557678222656e-01
2.240635633468627930e+00 -2.857462763786315918e-01
1.476598262786865234e+00 -2.360118925571441650e-01
2.064723014831542969e+00 -2.725684940814971924e-01
1.283688664436340332e+00 -2.142492234706878662e-01
1.882465243339538574e+00 -2.566126883029937744e-01
1.090362548828125000e+00 -1.897136867046356201e-01
1.695312023162841797e+00 -2.376957982778549194e-01
2.265945196151733398e+00 -2.680192887783050537e-01
1.504758358001708984e+00 -2.158167362213134766e-01
2.090549468994140625e+00 -2.508096098899841309e-01
1.311754941940307617e+00 -1.914297044277191162e-01
1.908641338348388672e+00 -2.307355999946594238e-01
1.118369102478027344e+00 -1.651827096939086914e-01
1.721712112426757812e+00 -2.079484760761260986e-01
2.289379119873046875e+00 -2.352512180805206299e-01
1.531286478042602539e+00 -1.828786581754684448e-01
2.114612102508544922e+00 -2.128522694110870361e-01
1.338532686233520508e+00 -1.564782112836837769e-01
1.933240771293640137e+00 -1.881479173898696899e-01
1.145502090454101562e+00 -1.297782659530639648e-01
1.746783375740051270e+00 -1.617975234985351562e-01
2.311399221420288086e+00 -1.800387799739837646e-01
1.556763410568237305e+00 -1.346972584724426270e-01
2.137480974197387695e+00 -1.526023894548416138e-01
1.364647865295410156e+00 -1.081575453281402588e-01
1.956886410713195801e+00 -1.245896816253662109e-01
1.172382354736328125e+00 -8.335641771554946899e-02
1.771176934242248535e+00 -9.702533483505249023e-02
2.332607269287109375e+00 -9.689868986606597900e-02
1.581896305084228516e+00 -7.095865160226821899e-02
2.159766912460327148e+00 -6.782368570566177368e-02
1.390814781188964844e+00 -4.764094576239585876e-02
1.980265855789184570e+00 -4.081577807664871216e-02
1.199745297431945801e+00 -2.792955003678798676e-02
1.795598864555358887e+00 -1.670058630406856537e-02
1.010274052619934082e+00 -1.235327217727899551e-02
1.607440471649169922e+00 3.894072491675615311e-03
2.182081222534179688e+00 3.263875097036361694e-02
1.417740225791931152e+00 2.021872624754905701e-02
2.003909111022949219e+00 5.274879932403564453e-02
1.228146672248840332e+00 3.195351734757423401e-02
1.820619463920593262e+00 6.871106475591659546e-02
1.040236830711364746e+00 3.896896541118621826e-02
1.633980751037597656e+00 8.043462783098220825e-02
2.204931974411010742e+00 1.293528974056243896e-01
1.445969343185424805e+00 8.761053532361984253e-02
2.028299570083618164e+00 1.394432932138442993e-01
1.257984757423400879e+00 9.022668749094009399e-02
1.846586585044860840e+00 1.457207500934600830e-01
1.071780562400817871e+00 8.827652782201766968e-02
1.661758661270141602e+00 1.482661068439483643e-01
2.228606462478637695e+00 2.053858041763305664e-01
1.475616931915283203e+00 1.468667238950729370e-01
2.053674459457397461e+00 2.069319933652877808e-01
1.289375185966491699e+00 1.414014250040054321e-01
1.873686432838439941e+00 2.055769860744476318e-01
1.104789376258850098e+00 1.317156851291656494e-01
1.690819382667541504e+00 2.012357562780380249e-01
2.253211259841918945e+00 2.564048469066619873e-01
1.506531596183776855e+00 1.935874819755554199e-01
2.080064058303833008e+00 2.528572380542755127e-01
1.321995854377746582e+00 1.822887510061264038e-01
1.901887297630310059e+00 2.470362931489944458e-01
1.138841748237609863e+00 1.669420301914215088e-01
1.720875620841979980e+00 2.386640161275863647e-01
2.278614044189453125e+00 2.873127758502960205e-01
1.538271188735961914e+00 2.272674590349197388e-01
2.107231378555297852e+00 2.814124524593353271e-01
1.355224609375000000e+00 2.123098373413085938e-01
1.930828213691711426e+00 2.734639346599578857e-01
1.173202276229858398e+00 1.931965053081512451e-01
1.751449823379516602e+00 2.630516886711120605e-01
2.304521083831787109e+00 3.048817813396453857e-01
1.570283532142639160e+00 2.495952099561691284e-01
2.134831905364990234e+00 2.980043888092041016e-01
1.388379693031311035e+00 2.324119955301284790e-01
1.960060000419616699e+00 2.890534102916717529e-01
1.207099676132202148e+00 2.107918560504913330e-01
1.782003521919250488e+00 2.775137126445770264e-01
2.330604076385498047e+00 3.141559362411499023e-01
1.601912260055541992e+00 2.627291381359100342e-01
2.162472724914550781e+00 3.066917955875396729e-01
1.420742988586425781e+00 2.439282983541488647e-01
1.989056587219238281e+00 2.969766557216644287e-01
1.239809989929199219e+00 2.203406244516372681e-01
1.812005519866943359e+00 2.844155132770538330e-01
1.058215022087097168e+00 1.913663297891616821e-01
1.632626891136169434e+00 2.682997286319732666e-01
2.189836978912353516e+00 3.097802698612213135e-01
1.451828360557556152e+00 2.478230297565460205e-01
2.017477273941040039e+00 2.989764809608459473e-01
1.270829916000366211e+00 2.222271859645843506e-01
1.841119527816772461e+00 2.849503159523010254e-01
1.089023351669311523e+00 1.910388320684432983e-01
1.662101387977600098e+00 2.669789195060729980e-01
2.216705083847045898e+00 3.080508410930633545e-01
