1.533450603485107422e+00 3.490658402442932129e-01
1.160327434539794922e+00 3.490658402442932129e-01
1.443263649940490723e+00 3.490658402442932129e-01
1.070282101631164551e+00 3.490658104419708252e-01
1.352939248085021973e+00 3.490658104419708252e-01
9.801546335220336914e-01 3.490658104419708252e-01
1.262521266937255859e+00 3.490658402442932129e-01
8.899874687194824219e-01 3.490658402442932129e-01
1.172054529190063477e+00 3.490658104419708252e-01
1.453960418701171875e+00 3.490658104419708252e-01
1.081583023071289062e+00 3.490658104419708252e-01
1.363149404525756836e+00 3.490658402442932129e-01
9.911496639251708984e-01 3.490658402442932129e-01
1.272378683090209961e+00 3.490658104419708252e-01
9.007936120033264160e-01 3.490656912326812744e-01
1.181688666343688965e+00 3.490658104419708252e-01
1.462283849716186523e+00 3.490658104419708252e-01
1.091120481491088867e+00 3.490657508373260498e-01
1.371375918388366699e+00 3.490658104419708252e-01
1.000706434249877930e+00 3.490658104419708252e-01
1.280638694763183594e+00 3.490657806396484375e-01
9.104779362678527832e-01 3.490657210350036621e-01
1.190102577209472656e+00 3.490658104419708252e-01
1.469369053840637207e+00 3.490658402442932129e-01
1.099793791770935059e+00 3.490657210350036621e-01
1.378782629966735840e+00 3.490658104419708252e-01
1.009732723236083984e+00 3.490656018257141113e-01
1.288468956947326660e+00 3.490657508373260498e-01
9.199324250221252441e-01 3.490647971630096436e-01
1.198442578315734863e+00 3.490657806396484375e-01
1.476632356643676758e+00 3.490657210350036621e-01
1.108709931373596191e+00 3.490655720233917236e-01
1.386733055114746094e+00 3.490656316280364990e-01
1.019530653953552246e+00 2.949083149433135986e-01
1.297159671783447266e+00 3.490644693374633789e-01
9.306749701499938965e-01 2.219944149255752563e-01
1.208191156387329102e+00 2.680349051952362061e-01
1.485574841499328613e+00 3.207733631134033203e-01
1.119472265243530273e+00 1.847560256719589233e-01
1.396834850311279297e+00 2.073599547147750854e-01
1.030933499336242676e+00 1.154227331280708313e-01
1.308302521705627441e+00 1.122932583093643188e-01
9.425709247589111328e-01 5.780474096536636353e-02
1.219952821731567383e+00 3.589123114943504333e-02
1.497302651405334473e+00 -1.433266047388315201e-02
1.131783843040466309e+00 -2.572630904614925385e-02
1.409181714057922363e+00 -9.533844143152236938e-02
1.043777823448181152e+00 -7.519805431365966797e-02
1.321243286132812500e+00 -1.576350927352905273e-01
9.559187889099121094e-01 -1.143909320235252380e-01
1.233469128608703613e+00 -2.055333405733108521e-01
8.681812286376953125e-01 -1.446823179721832275e-01
1.145835757255554199e+00 -2.418371140956878662e-01
1.423621892929077148e+00 -3.490652441978454590e-01
1.058313846588134766e+00 -2.684721350669860840e-01
1.336341857910156250e+00 -3.490657210350036621e-01
9.708781242370605469e-01 -2.868279516696929932e-01
1.249163627624511719e+00 -3.490657508373260498e-01
8.834955692291259766e-01 -2.979537844657897949e-01
1.162047624588012695e+00 -3.490653038024902344e-01
1.441172599792480469e+00 -3.490658104419708252e-01
1.074943184852600098e+00 -3.490653634071350098e-01
1.354366898536682129e+00 -3.490657806396484375e-01
9.878110289573669434e-01 -3.490653336048126221e-01
1.267529606819152832e+00 -3.490657508373260498e-01
9.006114006042480469e-01 -3.490651249885559082e-01
1.180619597434997559e+00 -3.490657210350036621e-01
1.461145162582397461e+00 -3.490657806396484375e-01
1.093600034713745117e+00 -3.490656912326812744e-01
1.374414920806884766e+00 -3.490658402442932129e-01
1.006437301635742188e+00 -3.490656316280364990e-01
1.287527084350585938e+00 -3.490658402442932129e-01
9.191116690635681152e-01 -3.490658104419708252e-01
1.200446963310241699e+00 -3.490658402442932129e-01
1.482353091239929199e+00 -3.490658402442932129e-01
1.113158464431762695e+00 -3.490658402442932129e-01
1.395278453826904297e+00 -3.490658104419708252e-01
1.025643587112426758e+00 -3.490657806396484375e-01
1.307950854301452637e+00 -3.490658104419708252e-01
9.378926157951354980e-01 -3.490657508373260498e-01
1.220357418060302734e+00 -3.490658104419708252e-01
1.503349781036376953e+00 -3.490658402442932129e-01
1.132494449615478516e+00 -3.490658104419708252e-01
1.415581107139587402e+00 -3.490658104419708252e-01
1.044364452362060547e+00 -3.490658104419708252e-01
1.327512502670288086e+00 -3.490658104419708252e-01
9.559741616249084473e-01 -3.490658104419708252e-01
1.239155530929565430e+00 -3.490658402442932129e-01
1.522734999656677246e+00 -3.490658402442932129e-01
1.150518894195556641e+00 -3.490658104419708252e-01
1.434049010276794434e+00 -3.490658402442932129e-01
1.061630249023437500e+00 -3.490658104419708252e-01
1.345076203346252441e+00 -3.490658104419708252e-01
9.725133776664733887e-01 -3.490658104419708252e-01
1.255848526954650879e+00 -3.490658104419708252e-01
8.831983208656311035e-01 -3.490658104419708252e-01
1.166397809982299805e+00 -3.490658402442932129e-01
1.449755191802978516e+00 -3.490658402442932129e-01
1.076752781867980957e+00 -3.490658104419708252e-01
1.359900474548339844e+00 -3.490658104419708252e-01
9.869607686996459961e-01 -3.490658104419708252e-01
1.269870162010192871e+00 -3.490658104419708252e-01
8.970503211021423340e-01 -3.490658104419708252e-01
1.179713487625122070e+00 -3.490658104419708252e-01
1.462333679199218750e+00 -3.490658402442932129e-01
1.089471459388732910e+00 -3.490658104419708252e-01
1.371782422065734863e+00 -3.490658104419708252e-01
9.991921782493591309e-01 -3.490658104419708252e-01
1.281187295913696289e+00 -3.490658402442932129e-01
9.089088439941406250e-01 -3.490658402442932129e-01
1.190579891204833984e+00 -3.490658104419708252e-01
1.472034931182861328e+00 -3.490658104419708252e-01
1.100021362304687500e+00 -3.490658104419708252e-01
1.381123304367065430e+00 -3.490658104419708252e-01
1.009534239768981934e+00 -3.490657508373260498e-01
1.290304303169250488e+00 -3.490658104419708252e-01
9.191733002662658691e-01 -3.490658104419708252e-01
1.199603319168090820e+00 -3.490658402442932129e-01
1.479704260826110840e+00 -3.490658104419708252e-01
1.109068751335144043e+00 -3.490657806396484375e-01
1.388840436935424805e+00 -3.490658402442932129e-01
1.018721699714660645e+00 -3.490658104419708252e-01
1.298192977905273438e+00 -3.490657806396484375e-01
9.285999536514282227e-01 -3.490656018257141113e-01
1.207787871360778809e+00 -3.490658104419708252e-01
1.486614584922790527e+00 -3.490658104419708252e-01
1.117631435394287109e+00 -3.490656912326812744e-01
1.396219134330749512e+00 -3.490658104419708252e-01
1.027750849723815918e+00 -3.490654528141021729e-01
1.306118965148925781e+00 -3.490656912326812744e-01
9.382759332656860352e-01 -3.252056837081909180e-01
1.216334939002990723e+00 -3.490654230117797852e-01
1.494234561920166016e+00 -3.490656614303588867e-01
1.126986503601074219e+00 -3.178976178169250488e-01
1.404633045196533203e+00 -3.490651845932006836e-01
1.038119792938232422e+00 -2.362859696149826050e-01
1.315574288368225098e+00 -2.839927077293395996e-01
9.494315385818481445e-01 -1.672832220792770386e-01
1.226857304573059082e+00 -1.897004544734954834e-01
8.609130382537841797e-01 -1.090820059180259705e-01
1.138330221176147461e+00 -1.122829094529151917e-01
1.415669202804565430e+00 -1.021520122885704041e-01
1.049973487854003906e+00 -4.857729375362396240e-02
1.327342748641967773e+00 -1.651221327483654022e-02
9.617954492568969727e-01 3.629790153354406357e-03
1.239199519157409668e+00 5.135041847825050354e-02
8.737631440162658691e-01 4.594738036394119263e-02
1.151231646537780762e+00 1.051514372229576111e-01
1.428704500198364258e+00 2.109182924032211304e-01
1.063411355018615723e+00 1.474024653434753418e-01
1.340972065925598145e+00 2.609347701072692871e-01
9.757151603698730469e-01 1.798801869153976440e-01
1.253391981124877930e+00 2.980995476245880127e-01
8.881250023841857910e-01 2.038952112197875977e-01
1.165927648544311523e+00 3.248609304428100586e-01
1.444222211837768555e+00 3.490656614303588867e-01
1.078561425209045410e+00 3.429063856601715088e-01
1.357159972190856934e+00 3.490656912326812744e-01
9.912599325180053711e-01 3.490445911884307861e-01
1.270159721374511719e+00 3.490656912326812744e-01
9.039960503578186035e-01 3.490629494190216064e-01
1.183171391487121582e+00 3.490657210350036621e-01
1.462798357009887695e+00 3.490657806396484375e-01
1.096156954765319824e+00 3.490657210350036621e-01
1.376088261604309082e+00 3.490657806396484375e-01
1.009068489074707031e+00 3.490657210350036621e-01
1.289290070533752441e+00 3.490657508373260498e-01
9.218715429306030273e-01 3.490656912326812744e-01
1.202379345893859863e+00 3.490657508373260498e-01
1.483431696891784668e+00 3.490658104419708252e-01
1.115314841270446777e+00 3.490657508373260498e-01
1.396646380424499512e+00 3.490658104419708252e-01
1.028083205223083496e+00 3.490657210350036621e-01
1.309653162956237793e+00 3.490658104419708252e-01
9.406453967094421387e-01 3.490656614303588867e-01
1.222442388534545898e+00 3.490658104419708252e-01
1.504805088043212891e+00 3.490658104419708252e-01
1.134993433952331543e+00 3.490658104419708252e-01
1.417532682418823242e+00 3.490658104419708252e-01
1.047300934791564941e+00 3.490658402442932129e-01
1.329985857009887695e+00 3.490658402442932129e-01
9.593530297279357910e-01 3.490658402442932129e-01
1.242147207260131836e+00 3.490658104419708252e-01
1.525438427925109863e+00 3.490658104419708252e-01
1.154033303260803223e+00 3.490658104419708252e-01
1.437362313270568848e+00 3.490658104419708252e-01
1.065644502639770508e+00 3.490658104419708252e-01
1.348991870880126953e+00 3.490658104419708252e-01
9.770095348358154297e-01 3.490657806396484375e-01
1.260325312614440918e+00 3.490658104419708252e-01
8.881310820579528809e-01 3.490657806396484375e-01
1.171397686004638672e+00 3.490658104419708252e-01
1.454957962036132812e+00 3.490658104419708252e-01
1.082235813140869141e+00 3.490658104419708252e-01
1.365653395652770996e+00 3.490658104419708252e-01
9.928572773933410645e-01 3.490658104419708252e-01
1.276119589805603027e+00 3.490658104419708252e-01
9.033145904541015625e-01 3.490657806396484375e-01
1.186393022537231445e+00 3.490658402442932129e-01
1.469549655914306641e+00 3.490658104419708252e-01
