1.806176900863647461e+00 3.490658402442932129e-01
5.950798988342285156e-01 3.490658104419708252e-01
1.514041781425476074e+00 3.490658402442932129e-01
3.031356930732727051e-01 3.490658402442932129e-01
1.221550941467285156e+00 3.490658402442932129e-01
1.089605968445539474e-02 3.490658104419708252e-01
9.293821454048156738e-01 3.490658402442932129e-01
-2.815273702144622803e-01 3.490658402442932129e-01
6.368247866630554199e-01 3.490658104419708252e-01
1.553949117660522461e+00 3.490658104419708252e-01
3.440414071083068848e-01 3.490657806396484375e-01
1.260909318923950195e+00 3.490658104419708252e-01
5.117477104067802429e-02 3.490658402442932129e-01
9.679372906684875488e-01 3.490658104419708252e-01
-2.416633814573287964e-01 3.490658402442932129e-01
6.748068928718566895e-01 3.490657806396484375e-01
1.589910984039306641e+00 3.490658104419708252e-01
3.817019164562225342e-01 3.490657806396484375e-01
1.296759605407714844e+00 3.490658104419708252e-01
8.874256163835525513e-02 3.490658104419708252e-01
1.003525733947753906e+00 3.490657806396484375e-01
-2.039709985256195068e-01 3.490654528141021729e-01
7.104256153106689453e-01 3.490657806396484375e-01
1.623887896537780762e+00 3.490658402442932129e-01
4.175954759120941162e-01 3.490657508373260498e-01
1.330788135528564453e+00 3.490657806396484375e-01
1.251251399517059326e-01 3.490656018257141113e-01
1.037955641746520996e+00 3.490657806396484375e-01
-1.667587459087371826e-01 3.399317264556884766e-01
7.455201148986816406e-01 3.490656614303588867e-01
1.657315015792846680e+00 3.490657806396484375e-01
4.535481035709381104e-01 3.490638136863708496e-01
1.365011215209960938e+00 3.490657210350036621e-01
1.633173525333404541e-01 2.793515026569366455e-01
1.073237061500549316e+00 3.490656912326812744e-01
-1.265618950128555298e-01 2.044642269611358643e-01
7.832816839218139648e-01 2.835889756679534912e-01
1.693194627761840820e+00 3.330267071723937988e-01
4.940866827964782715e-01 1.840128600597381592e-01
1.403031110763549805e+00 2.795069813728332520e-01
2.047332227230072021e-01 1.103729158639907837e-01
1.114965319633483887e+00 1.362133175134658813e-01
-8.447280526161193848e-02 5.381672829389572144e-02
8.260865211486816406e-01 4.047526791691780090e-02
1.736650109291076660e+00 -4.168149083852767944e-03
5.372157096862792969e-01 -2.431840077042579651e-02
1.447551846504211426e+00 -1.288468688726425171e-01
2.485827505588531494e-01 -7.102879881858825684e-02
1.158873915672302246e+00 -1.840485632419586182e-01
-3.976712003350257874e-02 -1.054478734731674194e-01
8.706528544425964355e-01 -2.185094505548477173e-01
-3.278675675392150879e-01 -1.306476294994354248e-01
5.827844142913818359e-01 -2.417320907115936279e-01
1.493229508399963379e+00 -3.490656316280364990e-01
2.951763272285461426e-01 -2.571166753768920898e-01
1.206353306770324707e+00 -3.490656316280364990e-01
7.765870075672864914e-03 -2.663235962390899658e-01
9.195339083671569824e-01 -3.490656316280364990e-01
-2.795278429985046387e-01 -2.703380882740020752e-01
6.327620148658752441e-01 -3.490656316280364990e-01
1.546823382377624512e+00 -3.490657806396484375e-01
3.459629714488983154e-01 -3.490656018257141113e-01
1.260511279106140137e+00 -3.490657806396484375e-01
5.908318236470222473e-02 -3.490655720233917236e-01
9.741324186325073242e-01 -3.490657806396484375e-01
-2.279457002878189087e-01 -3.490655124187469482e-01
6.876158118247985840e-01 -3.490657508373260498e-01
1.603442549705505371e+00 -3.490658104419708252e-01
4.008947312831878662e-01 -3.490657508373260498e-01
1.317338347434997559e+00 -3.490658104419708252e-01
1.139025017619132996e-01 -3.490655720233917236e-01
1.030938386917114258e+00 -3.490658402442932129e-01
-1.733895242214202881e-01 -3.490658104419708252e-01
7.441679835319519043e-01 -3.490657806396484375e-01
1.661306262016296387e+00 -3.490658104419708252e-01
4.570057988166809082e-01 -3.490658104419708252e-01
1.374918460845947266e+00 -3.490658104419708252e-01
1.694127470254898071e-01 -3.490658402442932129e-01
1.087990999221801758e+00 -3.490658104419708252e-01
-1.186316609382629395e-01 -3.490657508373260498e-01
8.004841208457946777e-01 -3.490658104419708252e-01
1.719578146934509277e+00 -3.490658402442932129e-01
5.124135017395019531e-01 -3.490658104419708252e-01
1.431618809700012207e+00 -3.490658104419708252e-01
2.237962782382965088e-01 -3.490658104419708252e-01
1.143277406692504883e+00 -3.490658104419708252e-01
-6.535164266824722290e-02 -3.490658104419708252e-01
8.546404838562011719e-01 -3.490658104419708252e-01
1.774829864501953125e+00 -3.490658402442932129e-01
5.653271079063415527e-01 -3.490658104419708252e-01
1.485328078269958496e+00 -3.490658402442932129e-01
2.754373550415039062e-01 -3.490658104419708252e-01
1.195255279541015625e+00 -3.490658402442932129e-01
-1.496419031172990799e-02 -3.490658104419708252e-01
9.050563573837280273e-01 -3.490658104419708252e-01
-3.058064579963684082e-01 -3.490657806396484375e-01
6.143993139266967773e-01 -3.490658104419708252e-01
1.534107804298400879e+00 -3.490658402442932129e-01
3.232009410858154297e-01 -3.490658104419708252e-01
1.242491602897644043e+00 -3.490658104419708252e-01
3.160518035292625427e-02 -3.490658402442932129e-01
9.508619308471679688e-01 -3.490658104419708252e-01
-2.603221535682678223e-01 -3.490657806396484375e-01
6.589516997337341309e-01 -3.490658104419708252e-01
1.577372789382934570e+00 -3.490658402442932129e-01
3.666645288467407227e-01 -3.490658104419708252e-01
1.284469842910766602e+00 -3.490658402442932129e-01
7.415602356195449829e-02 -3.490657806396484375e-01
9.920148849487304688e-01 -3.490658104419708252e-01
-2.184855341911315918e-01 -3.490657806396484375e-01
6.991847157478332520e-01 -3.490658104419708252e-01
1.615508198738098145e+00 -3.490658104419708252e-01
4.062291085720062256e-01 -3.490658104419708252e-01
1.322383880615234375e+00 -3.490658104419708252e-01
1.132329255342483521e-01 -3.490657806396484375e-01
1.029271125793457031e+00 -3.490658104419708252e-01
-1.796330660581588745e-01 -3.490656912326812744e-01
7.360584139823913574e-01 -3.490658402442932129e-01
1.650507569313049316e+00 -3.490658104419708252e-01
4.429627954959869385e-01 -3.490657806396484375e-01
1.357292890548706055e+00 -3.490658104419708252e-01
1.500744521617889404e-01 -3.490657508373260498e-01
1.064113616943359375e+00 -3.490657806396484375e-01
-1.424767971038818359e-01 -3.490656018257141113e-01
7.711738944053649902e-01 -3.490657806396484375e-01
1.683998942375183105e+00 -3.490657806396484375e-01
4.785491228103637695e-01 -3.490656912326812744e-01
1.391079187393188477e+00 -3.490657806396484375e-01
1.863565593957901001e-01 -3.490652740001678467e-01
1.098513364791870117e+00 -3.490658402442932129e-01
-1.045089438557624817e-01 -2.997826337814331055e-01
8.064457178115844727e-01 -3.490655422210693359e-01
1.717613816261291504e+00 -3.490658104419708252e-01
5.154777169227600098e-01 -3.168334960937500000e-01
1.425747990608215332e+00 -3.490657806396484375e-01
2.258957773447036743e-01 -2.257091701030731201e-01
1.135029911994934082e+00 -3.262300789356231689e-01
-6.374201923608779907e-02 -1.550731211900711060e-01
8.463559746742248535e-01 -2.050258815288543701e-01
-3.532375693321228027e-01 -9.898123145103454590e-02
5.572627186775207520e-01 -1.137217804789543152e-01
1.467057704925537109e+00 -1.626653522253036499e-01
2.681216001510620117e-01 -4.732860252261161804e-02
1.178678393363952637e+00 -2.505641803145408630e-02
-2.078474685549736023e-02 2.836884465068578720e-03
8.898349404335021973e-01 5.286101996898651123e-02
-3.094577789306640625e-01 4.126978293061256409e-02
6.012427806854248047e-01 1.046003326773643494e-01
1.509762167930603027e+00 3.155939877033233643e-01
3.129467368125915527e-01 1.410853415727615356e-01
1.222277522087097168e+00 3.174289166927337646e-01
2.491758204996585846e-02 1.670828163623809814e-01
9.348461627960205078e-01 3.240414261817932129e-01
-2.628710567951202393e-01 1.850959062576293945e-01
6.475577354431152344e-01 3.292367756366729736e-01
1.560041069984436035e+00 3.490657806396484375e-01
3.604383468627929688e-01 3.314878344535827637e-01
1.273405313491821289e+00 3.490657210350036621e-01
7.337982207536697388e-02 3.303919732570648193e-01
9.868164658546447754e-01 3.490657210350036621e-01
-2.136204540729522705e-01 3.259426653385162354e-01
7.002094388008117676e-01 3.490657210350036621e-01
1.614952802658081055e+00 3.490657806396484375e-01
4.135366380214691162e-01 3.490656316280364990e-01
1.328804373741149902e+00 3.490657806396484375e-01
1.267052441835403442e-01 3.490658104419708252e-01
1.042487859725952148e+00 3.490658402442932129e-01
-1.603449434041976929e-01 3.490654230117797852e-01
7.559745311737060547e-01 3.490657806396484375e-01
1.672250032424926758e+00 3.490658402442932129e-01
4.691718816757202148e-01 3.490657508373260498e-01
1.386189579963684082e+00 3.490658104419708252e-01
1.820707470178604126e-01 3.490657508373260498e-01
1.099684953689575195e+00 3.490658104419708252e-01
-1.054295226931571960e-01 3.490657210350036621e-01
8.127512931823730469e-01 3.490658104419708252e-01
1.730719089508056641e+00 3.490658104419708252e-01
5.253497958183288574e-01 3.490657806396484375e-01
1.443593740463256836e+00 3.490658402442932129e-01
2.374787926673889160e-01 3.490657806396484375e-01
1.156417608261108398e+00 3.490658104419708252e-01
-5.089606717228889465e-02 3.490657806396484375e-01
8.685787320137023926e-01 3.490658104419708252e-01
1.788244605064392090e+00 3.490658402442932129e-01
5.801345705986022949e-01 3.490658104419708252e-01
1.499773859977722168e+00 3.490658104419708252e-01
2.910970449447631836e-01 3.490658104419708252e-01
1.210757374763488770e+00 3.490658402442932129e-01
1.552222762256860733e-03 3.490658104419708252e-01
9.215809702873229980e-01 3.490658402442932129e-01
-2.885113358497619629e-01 3.490658402442932129e-01
6.318298578262329102e-01 3.490658104419708252e-01
1.551911234855651855e+00 3.490658402442932129e-01
3.415058255195617676e-01 3.490658104419708252e-01
1.261270403861999512e+00 3.490658402442932129e-01
5.065657198429107666e-02 3.490657806396484375e-01
9.704335927963256836e-01 3.490658104419708252e-01
-2.405732274055480957e-01 3.490657806396484375e-01
6.793450117111206055e-01 3.490658104419708252e-01
1.598716259002685547e+00 3.490658104419708252e-01
