2.673285603523254395e-01 3.490658402442932129e-01
-9.296597838401794434e-01 3.490658104419708252e-01
-2.125796303153038025e-02 3.490658402442932129e-01
-1.218045949935913086e+00 3.490658104419708252e-01
-3.102809488773345947e-01 3.490658104419708252e-01
-1.506869435310363770e+00 3.490658402442932129e-01
-5.996400117874145508e-01 3.490658104419708252e-01
-1.795982360839843750e+00 3.490658104419708252e-01
-8.887249231338500977e-01 3.490658104419708252e-01
1.783903874456882477e-02 3.490658402442932129e-01
-1.178088068962097168e+00 3.490658104419708252e-01
-2.722569108009338379e-01 3.490658104419708252e-01
-1.467670917510986328e+00 3.490657806396484375e-01
-5.621355175971984863e-01 3.490658402442932129e-01
-1.757320046424865723e+00 3.490657806396484375e-01
-8.518118858337402344e-01 3.490658104419708252e-01
5.239703133702278137e-02 3.490658104419708252e-01
-1.141650080680847168e+00 3.490657806396484375e-01
-2.378668487071990967e-01 3.490658104419708252e-01
-1.431448459625244141e+00 3.490657806396484375e-01
-5.275953412055969238e-01 3.490658104419708252e-01
-1.721069097518920898e+00 3.490657508373260498e-01
-8.174459934234619141e-01 3.490657806396484375e-01
8.486351370811462402e-02 3.490658104419708252e-01
-1.107140779495239258e+00 3.490657806396484375e-01
-2.047317624092102051e-01 3.490658402442932129e-01
-1.396533727645874023e+00 3.490656912326812744e-01
-4.943659901618957520e-01 3.490658104419708252e-01
-1.685542106628417969e+00 3.490653932094573975e-01
-7.836996316909790039e-01 3.490657508373260498e-01
1.175043359398841858e-01 3.490657806396484375e-01
-1.072602987289428711e+00 3.490656316280364990e-01
-1.717216223478317261e-01 3.490657508373260498e-01
-1.360909819602966309e+00 3.440827727317810059e-01
-4.604004621505737305e-01 3.490656912326812744e-01
-1.647129893302917480e+00 2.425280511379241943e-01
-7.480792403221130371e-01 3.387241959571838379e-01
1.522586494684219360e-01 3.490600883960723877e-01
-1.034219264984130859e+00 2.474662214517593384e-01
-1.346021741628646851e-01 2.914549410343170166e-01
-1.319880604743957520e+00 1.398428231477737427e-01
-4.211634695529937744e-01 2.375837862491607666e-01
-1.605780124664306641e+00 6.688421964645385742e-02
-7.057123780250549316e-01 7.271095365285873413e-02
1.928580850362777710e-01 -2.102424800395965576e-01
-9.912342429161071777e-01 -2.543581090867519379e-02
-9.285457432270050049e-02 -2.575637102127075195e-01
-1.276664495468139648e+00 -8.276046067476272583e-02
-3.782216608524322510e-01 -2.956269085407257080e-01
-1.561779141426086426e+00 -1.207278147339820862e-01
-6.632369756698608398e-01 -3.260381817817687988e-01
-1.846596479415893555e+00 -1.467448770999908447e-01
-9.472200870513916016e-01 -3.187351226806640625e-01
-4.609096795320510864e-02 -3.490657508373260498e-01
-1.231156945228576660e+00 -3.153055012226104736e-01
-3.294630050659179688e-01 -3.490657210350036621e-01
-1.514994382858276367e+00 -3.126621246337890625e-01
-6.128436923027038574e-01 -3.490658104419708252e-01
-1.798742532730102539e+00 -3.083603382110595703e-01
-8.961704373359680176e-01 -3.490658104419708252e-01
7.543392479419708252e-03 -3.490657806396484375e-01
-1.179497838020324707e+00 -3.490658104419708252e-01
-2.753060460090637207e-01 -3.490657806396484375e-01
-1.462875604629516602e+00 -3.490658104419708252e-01
-5.581771135330200195e-01 -3.490657806396484375e-01
-1.746374607086181641e+00 -3.490656614303588867e-01
-8.411503434181213379e-01 -3.490657806396484375e-01
6.351333111524581909e-02 -3.490658104419708252e-01
-1.124299883842468262e+00 -3.490657806396484375e-01
-2.187096029520034790e-01 -3.490658104419708252e-01
-1.407699346542358398e+00 -3.490657508373260498e-01
-5.013439655303955078e-01 -3.490658104419708252e-01
-1.691385984420776367e+00 -3.490657806396484375e-01
-7.844014763832092285e-01 -3.490658402442932129e-01
1.226161718368530273e-01 -3.490658402442932129e-01
-1.067877650260925293e+00 -3.490658402442932129e-01
-1.605814695358276367e-01 -3.490658104419708252e-01
-1.351803302764892578e+00 -3.490657806396484375e-01
-4.442201554775238037e-01 -3.490658104419708252e-01
-1.636199593544006348e+00 -3.490658402442932129e-01
-7.279838323593139648e-01 -3.490658104419708252e-01
1.809087693691253662e-01 -3.490658402442932129e-01
-1.012262225151062012e+00 -3.490658104419708252e-01
-1.033996269106864929e-01 -3.490658104419708252e-01
-1.297169566154479980e+00 -3.490658104419708252e-01
-3.882834613323211670e-01 -3.490658104419708252e-01
-1.582670092582702637e+00 -3.490658104419708252e-01
-6.737301349639892578e-01 -3.490658104419708252e-01
2.360367625951766968e-01 -3.490658402442932129e-01
-9.593624472618103027e-01 -3.490658104419708252e-01
-4.981018230319023132e-02 -3.490658402442932129e-01
-1.245545864105224609e+00 -3.490658104419708252e-01
-3.362755179405212402e-01 -3.490658402442932129e-01
-1.532348275184631348e+00 -3.490658104419708252e-01
-6.232975721359252930e-01 -3.490658104419708252e-01
-1.819679737091064453e+00 -3.490658104419708252e-01
-9.105948805809020996e-01 -3.490658104419708252e-01
-1.400907989591360092e-03 -3.490658402442932129e-01
-1.198145389556884766e+00 -3.490658104419708252e-01
-2.894788086414337158e-01 -3.490658402442932129e-01
-1.486234307289123535e+00 -3.490658104419708252e-01
-5.780289769172668457e-01 -3.490658104419708252e-01
-1.774760961532592773e+00 -3.490658104419708252e-01
-8.666557073593139648e-01 -3.490658402442932129e-01
4.122356325387954712e-02 -3.490658402442932129e-01
-1.155407428741455078e+00 -3.490658104419708252e-01
-2.482457458972930908e-01 -3.490658104419708252e-01
-1.444533348083496094e+00 -3.490658402442932129e-01
-5.379666686058044434e-01 -3.490658104419708252e-01
-1.733899950981140137e+00 -3.490657806396484375e-01
-8.273198008537292480e-01 -3.490658402442932129e-01
7.847352325916290283e-02 -3.490658402442932129e-01
-1.116890668869018555e+00 -3.490658104419708252e-01
-2.118746191263198853e-01 -3.490658104419708252e-01
-1.406638383865356445e+00 -3.490657806396484375e-01
-5.017655491828918457e-01 -3.490658104419708252e-01
-1.696346759796142578e+00 -3.490657806396484375e-01
-7.915710210800170898e-01 -3.490658104419708252e-01
1.117618978023529053e-01 -3.490658104419708252e-01
-1.081438660621643066e+00 -3.490657806396484375e-01
-1.782353222370147705e-01 -3.490658402442932129e-01
-1.371194720268249512e+00 -3.490657508373260498e-01
-4.679929018020629883e-01 -3.490658402442932129e-01
-1.660672187805175781e+00 -3.490657210350036621e-01
-7.577338814735412598e-01 -3.490657806396484375e-01
1.441976130008697510e-01 -3.490658104419708252e-01
-1.047251105308532715e+00 -3.490657806396484375e-01
-1.453881263732910156e-01 -3.490658104419708252e-01
-1.336378335952758789e+00 -3.490656316280364990e-01
-4.348237812519073486e-01 -3.490657508373260498e-01
-1.625077128410339355e+00 -3.490609824657440186e-01
-7.238130569458007812e-01 -3.490656912326812744e-01
1.767141073942184448e-01 -3.490657806396484375e-01
-1.012324333190917969e+00 -3.490656912326812744e-01
-1.117791086435317993e-01 -3.490657210350036621e-01
-1.299071550369262695e+00 -2.822015285491943359e-01
-3.994795680046081543e-01 -3.428891599178314209e-01
-1.585149168968200684e+00 -1.862901747226715088e-01
-6.864114403724670410e-01 -2.883854508399963379e-01
-1.871360421180725098e+00 -1.162625551223754883e-01
-9.715649485588073730e-01 -1.590700447559356689e-01
-7.248713821172714233e-02 -2.278842777013778687e-01
-1.257230520248413086e+00 -6.365982443094253540e-02
-3.574404120445251465e-01 -9.619872272014617920e-02
-1.542889833450317383e+00 -5.122852744534611702e-04
-6.426793932914733887e-01 7.209930568933486938e-02
-1.828340888023376465e+00 4.426062479615211487e-02
-9.281362295150756836e-01 1.345996856689453125e-01
-2.929420769214630127e-02 3.254771828651428223e-01
-1.213193893432617188e+00 1.712070256471633911e-01
-3.142510056495666504e-01 3.490655124187469482e-01
-1.497916460037231445e+00 1.950001120567321777e-01
-5.985386967658996582e-01 3.490655124187469482e-01
-1.782348990440368652e+00 2.103172391653060913e-01
-8.822852969169616699e-01 3.490654230117797852e-01
2.025574631989002228e-02 3.490657806396484375e-01
-1.165932536125183105e+00 3.490654230117797852e-01
-2.629384398460388184e-01 3.490658104419708252e-01
-1.449559807777404785e+00 3.490652441978454590e-01
-5.460870862007141113e-01 3.490657806396484375e-01
-1.733158469200134277e+00 3.490639626979827881e-01
-8.292244076728820801e-01 3.490657508373260498e-01
7.493368536233901978e-02 3.490657806396484375e-01
-1.112393736839294434e+00 3.490657508373260498e-01
-2.076429128646850586e-01 3.490657806396484375e-01
-1.395690441131591797e+00 3.490657210350036621e-01
-4.903724193572998047e-01 3.490658402442932129e-01
-1.679180264472961426e+00 3.490657210350036621e-01
-7.732838988304138184e-01 3.490658402442932129e-01
1.322776526212692261e-01 3.490658104419708252e-01
-1.056471109390258789e+00 3.490657806396484375e-01
-1.504611223936080933e-01 3.490658104419708252e-01
-1.339947819709777832e+00 3.490657806396484375e-01
-4.332354962825775146e-01 3.490658402442932129e-01
-1.623820304870605469e+00 3.490657806396484375e-01
-7.163593173027038574e-01 3.490658104419708252e-01
1.914716511964797974e-01 3.490658402442932129e-01
-1.000021457672119141e+00 3.490658104419708252e-01
-9.202619642019271851e-02 3.490658104419708252e-01
-1.284197330474853516e+00 3.490658104419708252e-01
-3.760141134262084961e-01 3.490658104419708252e-01
-1.568913102149963379e+00 3.490658402442932129e-01
-6.605213880538940430e-01 3.490658402442932129e-01
2.489610910415649414e-01 3.490658104419708252e-01
-9.451161623001098633e-01 3.490658104419708252e-01
-3.584673255681991577e-02 3.490658402442932129e-01
-1.230423808097839355e+00 3.490658104419708252e-01
-3.212302923202514648e-01 3.490658104419708252e-01
-1.516323328018188477e+00 3.490658104419708252e-01
-6.072265505790710449e-01 3.490658104419708252e-01
-1.802813410758972168e+00 3.490657806396484375e-01
-8.935477733612060547e-01 3.490658104419708252e-01
1.607943698763847351e-02 3.490658104419708252e-01
-1.180158615112304688e+00 3.490658104419708252e-01
-2.709677517414093018e-01 3.490658104419708252e-01
-1.467423558235168457e+00 3.490658104419708252e-01
-5.585438609123229980e-01 3.490658104419708252e-01
-1.755169391632080078e+00 3.490657806396484375e-01
-8.464533686637878418e-01 3.490658402442932129e-01
6.241688504815101624e-02 3.490658402442932129e-01
